{"producer":{"name":"Blender","version":"2.75 (sub 0)","exporter_version":"4.6.1","file":"figure_rigged_run_skel_text_action.babylon"},
"autoClear":true,"clearColor":[0.0509,0.0509,0.0509],"ambientColor":[0,0,0],"gravity":[0,-9.81,0],
"materials":[{"name":"figure_rigged_run_skel_text_action.SoccUniform","id":"figure_rigged_run_skel_text_action.SoccUniform","ambient":[0.8,0.8,0.8],"diffuse":[0.64,0.64,0.64],"specular":[0.5,0.5,0.5],"emissive":[0,0,0],"specularPower":50,"alpha":1,"backFaceCulling":true,"checkReadyOnlyOnce":false, 
"diffuseTexture":{"name":"figure_rigged_run_text01.png","level":1,"hasAlpha":1,"coordinatesMode":0,"uOffset":0,"vOffset":0,"uScale":1,"vScale":1,"uAng":0,"vAng":0,"wAng":0,"wrapU":1,"wrapV":1,"coordinatesIndex":0}}],
"multiMaterials":[],
"skeletons":[{"name":"Armature","id":0,"dimensionsAtRest":[0,0,0],"bones":[
{"name":"Bone_L.003","index":0,"matrix":[-1,0,0,0,0,-1,0,0,0,0,-1,0,1.2103,-4.4628,-2.0155,1],"rest":[-1,0,0,0,0,-1,0,0,0,0,-1,0,1.2103,-5.2529,0.0036,1],"parentBoneIndex":-1,"length":0.9358
,"animation":{"dataType":3,"framePerSecond":24,"keys":[
{"frame":1,"values":[-1,0,0,0,0,-1,0,0,0,0,-1,0,1.2103,-4.4897,-2.1454,1]},
{"frame":2,"values":[-1,0,0,0,0,-1,0,0,0,0,-1,0,1.2103,-4.4628,-2.0155,1]},
{"frame":3,"values":[-1,0,0,0,0,-1,0,0,0,0,-1,0,1.2103,-4.3819,-1.626,1]},
{"frame":4,"values":[-1,0,0,0,0,-1,0,0,0,0,-1,0,1.2103,-4.252,-1.0004,1]},
{"frame":5,"values":[-1,0,0,0,0,-1,0,0,0,0,-1,0,1.2103,-4.0868,-0.2047,1]},
{"frame":6,"values":[-1,0,0,0,0,-1,0,0,0,0,-1,0,1.2103,-3.9085,0.6538,1]},
{"frame":7,"values":[-1,0,0,0,0,-1,0,0,0,0,-1,0,1.2103,-3.7433,1.4495,1]},
{"frame":8,"values":[-1,0,0,0,0,-1,0,0,0,0,-1,0,1.2103,-3.6135,2.075,1]},
{"frame":9,"values":[-1,0,0,0,0,-1,0,0,0,0,-1,0,1.2103,-3.5326,2.4646,1]},
{"frame":10,"values":[-1,0,0,0,0,-1,0,0,0,0,-1,0,1.2103,-3.5056,2.5944,1]},
{"frame":11,"values":[-1,0,0,0,0,-1,0,0,0,0,-1,0,1.2103,-3.5201,2.4894,1]},
{"frame":12,"values":[-1,0,0,0,0,-1,0,0,0,0,-1,0,1.2103,-3.5649,2.1731,1]},
{"frame":13,"values":[-1,0,0,0,0,-1,0,0,0,0,-1,0,1.2103,-3.6404,1.6589,1]},
{"frame":14,"values":[-1,0,0,0,0,-1,0,0,0,0,-1,0,1.2103,-3.7442,0.9864,1]},
{"frame":15,"values":[-1,0,0,0,0,-1,0,0,0,0,-1,0,1.2103,-3.8698,0.2245,1]},
{"frame":16,"values":[-1,0,0,0,0,-1,0,0,0,0,-1,0,1.2103,-4.0075,-0.5373,1]},
{"frame":17,"values":[-1,0,0,0,0,-1,0,0,0,0,-1,0,1.2103,-4.1464,-1.2099,1]},
{"frame":18,"values":[-1,0,0,0,0,-1,0,0,0,0,-1,0,1.2103,-4.277,-1.724,1]},
{"frame":19,"values":[-1,0,0,0,0,-1,0,0,0,0,-1,0,1.2103,-4.3926,-2.0403,1]},
{"frame":20,"values":[-1,0,0,0,0,-1,0,0,0,0,-1,0,1.2103,-4.4897,-2.1454,1]},
{"frame":21,"values":[-1,0,0,0,0,-1,0,0,0,0,-1,0,1.2103,-4.582,-2.1143,1]},
{"frame":22,"values":[-1,0,0,0,0,-1,0,0,0,0,-1,0,1.2103,-4.6828,-2.0181,1]},
{"frame":23,"values":[-1,0,0,0,0,-1,0,0,0,0,-1,0,1.2103,-4.7894,-1.8556,1]},
{"frame":24,"values":[-1,0,0,0,0,-1,0,0,0,0,-1,0,1.2103,-4.897,-1.6319,1]},
{"frame":25,"values":[-1,0,0,0,0,-1,0,0,0,0,-1,0,1.2103,-4.9992,-1.3602,1]},
{"frame":26,"values":[-1,0,0,0,0,-1,0,0,0,0,-1,0,1.2103,-5.0893,-1.0611,1]},
{"frame":27,"values":[-1,0,0,0,0,-1,0,0,0,0,-1,0,1.2103,-5.1617,-0.7578,1]},
{"frame":28,"values":[-1,0,0,0,0,-1,0,0,0,0,-1,0,1.2103,-5.2133,-0.4708,1]},
{"frame":29,"values":[-1,0,0,0,0,-1,0,0,0,0,-1,0,1.2103,-5.2433,-0.2144,1]},
{"frame":30,"values":[-1,0,0,0,0,-1,0,0,0,0,-1,0,1.2103,-5.2529,0.0036,1]},
{"frame":31,"values":[-1,0,0,0,0,-1,0,0,0,0,-1,0,1.1924,-5.1192,0.2191,1]},
{"frame":32,"values":[-1,0,0,0,0,-1,0,0,0,0,-1,0,1.1393,-4.7236,0.4636,1]},
{"frame":33,"values":[-1,0,0,0,0,-1,0,0,0,0,-1,0,1.0585,-4.1208,0.717,1]},
{"frame":34,"values":[-1,0,0,0,0,-1,0,0,0,0,-1,0,0.9668,-3.4371,0.9482,1]},
{"frame":35,"values":[-1,0,0,0,0,-1,0,0,0,0,-1,0,0.886,-2.8343,1.126,1]},
{"frame":36,"values":[-1,0,0,0,0,-1,0,0,0,0,-1,0,0.833,-2.4387,1.2324,1]},
{"frame":37,"values":[-1,0,0,0,0,-1,0,0,0,0,-1,0,0.815,-2.3049,1.2664,1]},
{"frame":38,"values":[-1,0,0,0,0,-1,0,0,0,0,-1,0,0.815,-2.3194,1.2098,1]},
{"frame":39,"values":[-1,0,0,0,0,-1,0,0,0,0,-1,0,0.815,-2.3639,1.0389,1]},
{"frame":40,"values":[-1,0,0,0,0,-1,0,0,0,0,-1,0,0.815,-2.4397,0.7559,1]},
{"frame":41,"values":[-1,0,0,0,0,-1,0,0,0,0,-1,0,0.815,-2.5465,0.3705,1]},
{"frame":42,"values":[-1,0,0,0,0,-1,0,0,0,0,-1,0,0.815,-2.6821,-0.0987,1]},
{"frame":43,"values":[-1,0,0,0,0,-1,0,0,0,0,-1,0,0.815,-2.8421,-0.6231,1]},
{"frame":44,"values":[-1,0,0,0,0,-1,0,0,0,0,-1,0,0.815,-3.0198,-1.167,1]},
{"frame":45,"values":[-1,0,0,0,0,-1,0,0,0,0,-1,0,0.815,-3.2069,-1.6914,1]},
{"frame":46,"values":[-1,0,0,0,0,-1,0,0,0,0,-1,0,0.815,-3.3951,-2.1606,1]},
{"frame":47,"values":[-1,0,0,0,0,-1,0,0,0,0,-1,0,0.815,-3.5772,-2.546,1]},
{"frame":48,"values":[-1,0,0,0,0,-1,0,0,0,0,-1,0,0.815,-3.7473,-2.829,1]},
{"frame":49,"values":[-1,0,0,0,0,-1,0,0,0,0,-1,0,0.815,-3.9018,-2.9999,1]},
{"frame":50,"values":[-1,0,0,0,0,-1,0,0,0,0,-1,0,0.815,-4.0385,-3.0565,1]},
{"frame":51,"values":[-1,0,0,0,0,-1,0,0,0,0,-1,0,0.8238,-4.1752,-2.9887,1]},
{"frame":52,"values":[-1,0,0,0,0,-1,0,0,0,0,-1,0,0.8502,-4.3291,-2.7845,1]},
{"frame":53,"values":[-1,0,0,0,0,-1,0,0,0,0,-1,0,0.893,-4.4956,-2.4525,1]},
{"frame":54,"values":[-1,0,0,0,0,-1,0,0,0,0,-1,0,0.9491,-4.6668,-2.0183,1]},
{"frame":55,"values":[-1,0,0,0,0,-1,0,0,0,0,-1,0,1.0127,-4.8322,-1.5264,1]},
{"frame":56,"values":[-1,0,0,0,0,-1,0,0,0,0,-1,0,1.0762,-4.9799,-1.0346,1]},
{"frame":57,"values":[-1,0,0,0,0,-1,0,0,0,0,-1,0,1.1323,-5.0999,-0.6004,1]},
{"frame":58,"values":[-1,0,0,0,0,-1,0,0,0,0,-1,0,1.1752,-5.1861,-0.2684,1]},
{"frame":59,"values":[-1,0,0,0,0,-1,0,0,0,0,-1,0,1.2015,-5.2367,-0.0642,1]},
{"frame":60,"values":[-1,0,0,0,0,-1,0,0,0,0,-1,0,1.2103,-5.2529,0.0036,1]},
{"frame":80,"values":[-1,0,0,0,0,-1,0,0,0,0,-1,0,1.2103,-5.2529,0.0036,1]}],"loopBehavior":1,"name":"anim","property":"_matrix"}},
{"name":"Bone_R.003","index":1,"matrix":[-1,0,0,0,0,-1,0,0,0,0,-1,0,-1.2103,-3.5326,2.4646,1],"rest":[-1,0,0,0,0,-1,0,0,0,0,-1,0,-1.2103,-5.2529,0.0036,1],"parentBoneIndex":-1,"length":0.9358
,"animation":{"dataType":3,"framePerSecond":24,"keys":[
{"frame":1,"values":[-1,0,0,0,0,-1,0,0,0,0,-1,0,-1.2103,-3.5056,2.5944,1]},
{"frame":2,"values":[-1,0,0,0,0,-1,0,0,0,0,-1,0,-1.2103,-3.5326,2.4646,1]},
{"frame":3,"values":[-1,0,0,0,0,-1,0,0,0,0,-1,0,-1.2103,-3.6135,2.075,1]},
{"frame":4,"values":[-1,0,0,0,0,-1,0,0,0,0,-1,0,-1.2103,-3.7433,1.4495,1]},
{"frame":5,"values":[-1,0,0,0,0,-1,0,0,0,0,-1,0,-1.2103,-3.9085,0.6538,1]},
{"frame":6,"values":[-1,0,0,0,0,-1,0,0,0,0,-1,0,-1.2103,-4.0868,-0.2047,1]},
{"frame":7,"values":[-1,0,0,0,0,-1,0,0,0,0,-1,0,-1.2103,-4.252,-1.0004,1]},
{"frame":8,"values":[-1,0,0,0,0,-1,0,0,0,0,-1,0,-1.2103,-4.3819,-1.626,1]},
{"frame":9,"values":[-1,0,0,0,0,-1,0,0,0,0,-1,0,-1.2103,-4.4628,-2.0155,1]},
{"frame":10,"values":[-1,0,0,0,0,-1,0,0,0,0,-1,0,-1.2103,-4.4897,-2.1454,1]},
{"frame":11,"values":[-1,0,0,0,0,-1,0,0,0,0,-1,0,-1.2103,-4.4679,-2.0403,1]},
{"frame":12,"values":[-1,0,0,0,0,-1,0,0,0,0,-1,0,-1.2103,-4.4022,-1.724,1]},
{"frame":13,"values":[-1,0,0,0,0,-1,0,0,0,0,-1,0,-1.2103,-4.2955,-1.2099,1]},
{"frame":14,"values":[-1,0,0,0,0,-1,0,0,0,0,-1,0,-1.2103,-4.1559,-0.5373,1]},
{"frame":15,"values":[-1,0,0,0,0,-1,0,0,0,0,-1,0,-1.2103,-3.9977,0.2245,1]},
{"frame":16,"values":[-1,0,0,0,0,-1,0,0,0,0,-1,0,-1.2103,-3.8395,0.9864,1]},
{"frame":17,"values":[-1,0,0,0,0,-1,0,0,0,0,-1,0,-1.2103,-3.6998,1.6589,1]},
{"frame":18,"values":[-1,0,0,0,0,-1,0,0,0,0,-1,0,-1.2103,-3.5931,2.1731,1]},
{"frame":19,"values":[-1,0,0,0,0,-1,0,0,0,0,-1,0,-1.2103,-3.5274,2.4894,1]},
{"frame":20,"values":[-1,0,0,0,0,-1,0,0,0,0,-1,0,-1.2103,-3.5056,2.5944,1]},
{"frame":21,"values":[-1,0,0,0,0,-1,0,0,0,0,-1,0,-1.2103,-3.5443,2.537,1]},
{"frame":22,"values":[-1,0,0,0,0,-1,0,0,0,0,-1,0,-1.2103,-3.6609,2.3641,1]},
{"frame":23,"values":[-1,0,0,0,0,-1,0,0,0,0,-1,0,-1.2103,-3.8505,2.0831,1]},
{"frame":24,"values":[-1,0,0,0,0,-1,0,0,0,0,-1,0,-1.2103,-4.0984,1.7155,1]},
{"frame":25,"values":[-1,0,0,0,0,-1,0,0,0,0,-1,0,-1.2103,-4.3793,1.299,1]},
{"frame":26,"values":[-1,0,0,0,0,-1,0,0,0,0,-1,0,-1.2103,-4.6601,0.8826,1]},
{"frame":27,"values":[-1,0,0,0,0,-1,0,0,0,0,-1,0,-1.2103,-4.908,0.515,1]},
{"frame":28,"values":[-1,0,0,0,0,-1,0,0,0,0,-1,0,-1.2103,-5.0976,0.2339,1]},
{"frame":29,"values":[-1,0,0,0,0,-1,0,0,0,0,-1,0,-1.2103,-5.2142,0.0611,1]},
{"frame":30,"values":[-1,0,0,0,0,-1,0,0,0,0,-1,0,-1.2103,-5.2529,0.0036,1]},
{"frame":61,"values":[-1,0,0,0,0,-1,0,0,0,0,-1,0,-1.1924,-5.1192,0.0609,1]},
{"frame":62,"values":[-1,0,0,0,0,-1,0,0,0,0,-1,0,-1.1393,-4.7236,0.2304,1]},
{"frame":63,"values":[-1,0,0,0,0,-1,0,0,0,0,-1,0,-1.0585,-4.1208,0.4886,1]},
{"frame":64,"values":[-1,0,0,0,0,-1,0,0,0,0,-1,0,-0.9668,-3.4371,0.7814,1]},
{"frame":65,"values":[-1,0,0,0,0,-1,0,0,0,0,-1,0,-0.886,-2.8343,1.0396,1]},
{"frame":66,"values":[-1,0,0,0,0,-1,0,0,0,0,-1,0,-0.833,-2.4387,1.2091,1]},
{"frame":67,"values":[-1,0,0,0,0,-1,0,0,0,0,-1,0,-0.815,-2.3049,1.2664,1]},
{"frame":68,"values":[-1,0,0,0,0,-1,0,0,0,0,-1,0,-0.815,-2.3276,1.2098,1]},
{"frame":69,"values":[-1,0,0,0,0,-1,0,0,0,0,-1,0,-0.815,-2.3962,1.0389,1]},
{"frame":70,"values":[-1,0,0,0,0,-1,0,0,0,0,-1,0,-0.815,-2.5096,0.7559,1]},
{"frame":71,"values":[-1,0,0,0,0,-1,0,0,0,0,-1,0,-0.815,-2.6642,0.3705,1]},
{"frame":72,"values":[-1,0,0,0,0,-1,0,0,0,0,-1,0,-0.815,-2.8523,-0.0987,1]},
{"frame":73,"values":[-1,0,0,0,0,-1,0,0,0,0,-1,0,-0.815,-3.0627,-0.6231,1]},
{"frame":74,"values":[-1,0,0,0,0,-1,0,0,0,0,-1,0,-0.815,-3.2808,-1.167,1]},
{"frame":75,"values":[-1,0,0,0,0,-1,0,0,0,0,-1,0,-0.815,-3.4911,-1.6914,1]},
{"frame":76,"values":[-1,0,0,0,0,-1,0,0,0,0,-1,0,-0.815,-3.6792,-2.1606,1]},
{"frame":77,"values":[-1,0,0,0,0,-1,0,0,0,0,-1,0,-0.815,-3.8338,-2.546,1]},
{"frame":78,"values":[-1,0,0,0,0,-1,0,0,0,0,-1,0,-0.815,-3.9472,-2.829,1]},
{"frame":79,"values":[-1,0,0,0,0,-1,0,0,0,0,-1,0,-0.815,-4.0158,-2.9999,1]},
{"frame":80,"values":[-1,0,0,0,0,-1,0,0,0,0,-1,0,-0.815,-4.0385,-3.0565,1]}],"loopBehavior":1,"name":"anim","property":"_matrix"}},
{"name":"Bone","index":2,"matrix":[-1,0,0,0,0,0,-1,0,0,1,0,0,0,-0.0036,1.0036,1],"rest":[-1,0,0,0,0,0,-1,0,0,1,0,0,0,-0.0036,1.0036,1],"parentBoneIndex":-1,"length":1
,"animation":{"dataType":3,"framePerSecond":24,"keys":[
{"frame":1,"values":[-1,0,0,0,0,0,-1,0,0,1,0,0,0,-0.0036,1.0036,1]},
{"frame":80,"values":[-1,0,0,0,0,0,-1,0,0,1,0,0,0,-0.0036,1.0036,1]}],"loopBehavior":1,"name":"anim","property":"_matrix"}},
{"name":"Bone.001","index":3,"matrix":[1,0,0,0,0,0,1,0,0,-1,0,0,0,1,0,1],"rest":[1,0,0,0,0,0,1,0,0,-1,0,0,0,1,0,1],"parentBoneIndex":2,"length":0.8189
,"animation":{"dataType":3,"framePerSecond":24,"keys":[
{"frame":1,"values":[1,0,0,0,0,0,1,0,0,-1,0,0,0,1,0,1]},
{"frame":80,"values":[1,0,0,0,0,0,1,0,0,-1,0,0,0,1,0,1]}],"loopBehavior":1,"name":"anim","property":"_matrix"}},
{"name":"Bone.002","index":4,"matrix":[1,0,0,0,0,1,0,0,0,0,1,0,0,0.8189,0,1],"rest":[1,0,0,0,0,1,0,0,0,0,1,0,0,0.8189,0,1],"parentBoneIndex":3,"length":0.9693
,"animation":{"dataType":3,"framePerSecond":24,"keys":[
{"frame":1,"values":[1,0,0,0,0,1,0,0,0,0,1,0,0,0.8189,0,1]},
{"frame":80,"values":[1,0,0,0,0,1,0,0,0,0,1,0,0,0.8189,0,1]}],"loopBehavior":1,"name":"anim","property":"_matrix"}},
{"name":"Bone.003","index":5,"matrix":[1,0,0,0,0,1,0,0,0,0,1,0,0,0.9693,0,1],"rest":[1,0,0,0,0,1,0,0,0,0,1,0,0,0.9693,0,1],"parentBoneIndex":4,"length":0.7397
,"animation":{"dataType":3,"framePerSecond":24,"keys":[
{"frame":1,"values":[1,0,0,0,0,1,0,0,0,0,1,0,0,0.9693,0,1]},
{"frame":80,"values":[1,0,0,0,0,1,0,0,0,0,1,0,0,0.9693,0,1]}],"loopBehavior":1,"name":"anim","property":"_matrix"}},
{"name":"Bone.004","index":6,"matrix":[1,0,0,0,0,1,0,0,0,0,1,0,0,0.7397,0,1],"rest":[1,0,0,0,0,1,0,0,0,0,1,0,0,0.7397,0,1],"parentBoneIndex":5,"length":1.4373
,"animation":{"dataType":3,"framePerSecond":24,"keys":[
{"frame":1,"values":[1,0,0,0,0,1,0,0,0,0,1,0,0,0.7397,0,1]},
{"frame":80,"values":[1,0,0,0,0,1,0,0,0,0,1,0,0,0.7397,0,1]}],"loopBehavior":1,"name":"anim","property":"_matrix"}},
{"name":"Bone.002_L","index":7,"matrix":[0.0254,-0.9997,0,0,-0.9997,-0.0254,0,0,0,0,-1,0,0,0.9693,0,1],"rest":[0.0254,-0.9997,0,0,-0.9997,-0.0254,0,0,0,0,-1,0,0,0.9693,0,1],"parentBoneIndex":4,"length":1.1295
,"animation":{"dataType":3,"framePerSecond":24,"keys":[
{"frame":1,"values":[0.0254,-0.9997,0,0,-0.9997,-0.0254,0,0,0,0,-1,0,0,0.9693,0,1]},
{"frame":80,"values":[0.0254,-0.9997,0,0,-0.9997,-0.0254,0,0,0,0,-1,0,0,0.9693,0,1]}],"loopBehavior":1,"name":"anim","property":"_matrix"}},
{"name":"Bone.002_L.001","index":8,"matrix":[-0.5116,0.8407,0.1777,0,0.7095,0.2966,0.6392,0,0.4847,0.4531,-0.7482,0,0,1.1295,0,1],"rest":[-0.5992,0.6091,0.5195,0,0.4473,0.7929,-0.4138,0,-0.664,-0.0155,-0.7476,0,0,1.1295,0,1],"parentBoneIndex":7,"length":1.418
,"animation":{"dataType":3,"framePerSecond":24,"keys":[
{"frame":1,"values":[-0.5181,0.8412,0.1549,0,0.6792,0.2946,0.6722,0,0.5198,0.4535,-0.724,0,0,1.1295,0,1]},
{"frame":2,"values":[-0.5116,0.8407,0.1777,0,0.7095,0.2966,0.6392,0,0.4847,0.4531,-0.7482,0,0,1.1295,0,1]},
{"frame":3,"values":[-0.484,0.8394,0.2473,0,0.7943,0.3029,0.5266,0,0.3671,0.4514,-0.8133,0,0,1.1295,0,1]},
{"frame":4,"values":[-0.4127,0.8382,0.3564,0,0.8994,0.3133,0.3048,0,0.1438,0.4464,-0.8832,0,0,1.1295,0,1]},
{"frame":5,"values":[-0.2736,0.8391,0.4701,0,0.9451,0.3253,-0.0305,0,-0.1785,0.4359,-0.8821,0,0,1.1295,0,1]},
{"frame":6,"values":[-0.0826,0.8434,0.5309,0,0.8547,0.334,-0.3975,0,-0.5125,0.421,-0.7484,0,0,1.1295,0,1]},
{"frame":7,"values":[0.0965,0.8495,0.5186,0,0.6584,0.3363,-0.6734,0,-0.7465,0.4064,-0.5269,0,0,1.1295,0,1]},
{"frame":8,"values":[0.2176,0.8549,0.4709,0,0.4622,0.3347,-0.8212,0,-0.8597,0.3963,-0.3223,0,0,1.1295,0,1]},
{"frame":9,"values":[0.2802,0.8583,0.43,0,0.3347,0.3324,-0.8817,0,-0.8997,0.391,-0.1941,0,0,1.1295,0,1]},
{"frame":10,"values":[0.2988,0.8593,0.4151,0,0.2925,0.3316,-0.8969,0,-0.9084,0.3894,-0.1523,0,0,1.1295,0,1]},
{"frame":11,"values":[0.2849,0.8591,0.4252,0,0.3268,0.3299,-0.8856,0,-0.9011,0.3913,-0.1867,0,0,1.1295,0,1]},
{"frame":12,"values":[0.2391,0.8585,0.4536,0,0.4307,0.3249,-0.842,0,-0.8702,0.3967,-0.2921,0,0,1.1295,0,1]},
{"frame":13,"values":[0.1521,0.8582,0.4903,0,0.5967,0.3157,-0.7377,0,-0.7879,0.4048,-0.4641,0,0,1.1295,0,1]},
{"frame":14,"values":[0.0193,0.859,0.5115,0,0.7872,0.3024,-0.5375,0,-0.6164,0.413,-0.6704,0,0,1.1295,0,1]},
{"frame":15,"values":[-0.1413,0.8615,0.4877,0,0.9275,0.2874,-0.239,0,-0.346,0.4186,-0.8397,0,0,1.1295,0,1]},
{"frame":16,"values":[-0.2882,0.8642,0.4123,0,0.9569,0.2757,0.0909,0,-0.0351,0.4208,-0.9065,0,0,1.1295,0,1]},
{"frame":17,"values":[-0.3911,0.8649,0.3146,0,0.8913,0.2708,0.3637,0,0.2293,0.4226,-0.8768,0,0,1.1295,0,1]},
{"frame":18,"values":[-0.4525,0.8617,0.2295,0,0.7946,0.2728,0.5424,0,0.4047,0.4278,-0.8082,0,0,1.1295,0,1]},
{"frame":19,"values":[-0.4901,0.854,0.1749,0,0.7169,0.2808,0.6381,0,0.4958,0.4381,-0.7498,0,0,1.1295,0,1]},
{"frame":20,"values":[-0.5181,0.8412,0.1549,0,0.6792,0.2946,0.6722,0,0.5198,0.4535,-0.724,0,0,1.1295,0,1]},
{"frame":21,"values":[-0.5467,0.8229,0.1549,0,0.6738,0.3225,0.6648,0,0.4971,0.4679,-0.7307,0,0,1.1295,0,1]},
{"frame":22,"values":[-0.5802,0.7982,0.1621,0,0.6872,0.3729,0.6235,0,0.4372,0.4731,-0.7648,0,0,1.1295,0,1]},
{"frame":23,"values":[-0.6161,0.7668,0.1803,0,0.7123,0.4446,0.5431,0,0.3363,0.463,-0.8201,0,0,1.1295,0,1]},
{"frame":24,"values":[-0.6494,0.73,0.213,0,0.7353,0.5314,0.4207,0,0.1939,0.4299,-0.8818,0,0,1.1295,0,1]},
{"frame":25,"values":[-0.6734,0.6918,0.2608,0,0.739,0.6204,0.2625,0,0.0198,0.3695,-0.929,0,0,1.1295,0,1]},
{"frame":26,"values":[-0.6822,0.6579,0.3191,0,0.7123,0.6965,0.0868,0,-0.1652,0.2864,-0.9438,0,0,1.1295,0,1]},
{"frame":27,"values":[-0.675,0.6326,0.3797,0,0.6566,0.7498,-0.082,0,-0.3366,0.194,-0.9215,0,0,1.1295,0,1]},
{"frame":28,"values":[-0.6553,0.6174,0.4353,0,0.5847,0.7794,-0.2251,0,-0.4783,0.107,-0.8717,0,0,1.1295,0,1]},
{"frame":29,"values":[-0.6285,0.6104,0.4821,0,0.5114,0.7913,-0.3352,0,-0.5861,0.0358,-0.8095,0,0,1.1295,0,1]},
{"frame":30,"values":[-0.5992,0.6091,0.5195,0,0.4473,0.7929,-0.4138,0,-0.664,-0.0155,-0.7476,0,0,1.1295,0,1]},
{"frame":31,"values":[-0.5583,0.6208,0.5503,0,0.3978,0.7824,-0.4791,0,-0.728,-0.0485,-0.6839,0,0,1.1295,0,1]},
{"frame":32,"values":[-0.4956,0.6539,0.5717,0,0.3646,0.754,-0.5464,0,-0.7883,-0.0624,-0.6121,0,0,1.1295,0,1]},
{"frame":33,"values":[-0.4157,0.7029,0.5772,0,0.3455,0.7091,-0.6147,0,-0.8413,-0.0561,-0.5376,0,0,1.1295,0,1]},
{"frame":34,"values":[-0.3295,0.7574,0.5637,0,0.3352,0.652,-0.6801,0,-0.8827,-0.0351,-0.4687,0,0,1.1295,0,1]},
{"frame":35,"values":[-0.252,0.8068,0.5344,0,0.3269,0.5907,-0.7377,0,-0.9109,-0.0112,-0.4126,0,0,1.1295,0,1]},
{"frame":36,"values":[-0.1952,0.8458,0.4965,0,0.3164,0.5335,-0.7844,0,-0.9283,0.004,-0.3717,0,0,1.1295,0,1]},
{"frame":37,"values":[-0.1643,0.8741,0.4571,0,0.3025,0.4857,-0.8201,0,-0.9389,0.0035,-0.3442,0,0,1.1295,0,1]},
{"frame":38,"values":[-0.1481,0.897,0.4165,0,0.288,0.442,-0.8495,0,-0.9461,-0.0059,-0.3238,0,0,1.1295,0,1]},
{"frame":39,"values":[-0.1352,0.9183,0.3722,0,0.2761,0.3956,-0.8759,0,-0.9516,-0.0156,-0.307,0,0,1.1295,0,1]},
{"frame":40,"values":[-0.1256,0.9374,0.3248,0,0.2673,0.3472,-0.8989,0,-0.9554,-0.0261,-0.2941,0,0,1.1295,0,1]},
{"frame":41,"values":[-0.1194,0.9539,0.2753,0,0.2618,0.2977,-0.918,0,-0.9577,-0.0375,-0.2853,0,0,1.1295,0,1]},
{"frame":42,"values":[-0.1164,0.9674,0.2251,0,0.26,0.2484,-0.9331,0,-0.9586,-0.0501,-0.2804,0,0,1.1295,0,1]},
{"frame":43,"values":[-0.1164,0.9775,0.1758,0,0.2616,0.2009,-0.944,0,-0.9581,-0.0639,-0.2791,0,0,1.1295,0,1]},
{"frame":44,"values":[-0.1191,0.9844,0.1292,0,0.2663,0.157,-0.951,0,-0.9565,-0.0789,-0.2809,0,0,1.1295,0,1]},
{"frame":45,"values":[-0.124,0.9885,0.0868,0,0.2734,0.1182,-0.9546,0,-0.9539,-0.0946,-0.2849,0,0,1.1295,0,1]},
{"frame":46,"values":[-0.1306,0.9902,0.0502,0,0.2819,0.0856,-0.9556,0,-0.9505,-0.1106,-0.2903,0,0,1.1295,0,1]},
{"frame":47,"values":[-0.1385,0.9902,0.02,0,0.291,0.06,-0.9549,0,-0.9467,-0.1264,-0.2964,0,0,1.1295,0,1]},
{"frame":48,"values":[-0.1474,0.9891,-0.0034,0,0.2998,0.0414,-0.9531,0,-0.9426,-0.1415,-0.3026,0,0,1.1295,0,1]},
{"frame":49,"values":[-0.157,0.9874,-0.0201,0,0.3077,0.0295,-0.951,0,-0.9384,-0.1555,-0.3085,0,0,1.1295,0,1]},
{"frame":50,"values":[-0.1671,0.9855,-0.0305,0,0.3143,0.0239,-0.949,0,-0.9345,-0.1682,-0.3137,0,0,1.1295,0,1]},
{"frame":51,"values":[-0.1858,0.9823,-0.022,0,0.3169,0.0387,-0.9477,0,-0.9301,-0.183,-0.3185,0,0,1.1295,0,1]},
{"frame":52,"values":[-0.2208,0.9751,0.0184,0,0.3136,0.0888,-0.9454,0,-0.9235,-0.203,-0.3254,0,0,1.1295,0,1]},
{"frame":53,"values":[-0.2699,0.9587,0.0892,0,0.3048,0.1729,-0.9366,0,-0.9134,-0.2256,-0.3389,0,0,1.1295,0,1]},
{"frame":54,"values":[-0.3283,0.9265,0.1837,0,0.2918,0.2845,-0.9132,0,-0.8984,-0.2462,-0.3637,0,0,1.1295,0,1]},
{"frame":55,"values":[-0.3894,0.8747,0.2885,0,0.2787,0.4105,-0.8682,0,-0.8779,-0.2577,-0.4036,0,0,1.1295,0,1]},
{"frame":56,"values":[-0.4471,0.8068,0.3863,0,0.2728,0.5343,-0.8001,0,-0.8519,-0.2523,-0.4589,0,0,1.1295,0,1]},
{"frame":57,"values":[-0.4977,0.7337,0.4625,0,0.2821,0.6412,-0.7136,0,-0.8202,-0.2247,-0.5261,0,0,1.1295,0,1]},
{"frame":58,"values":[-0.5405,0.6695,0.5095,0,0.3132,0.7221,-0.6168,0,-0.7809,-0.1738,-0.6,0,0,1.1295,0,1]},
{"frame":59,"values":[-0.5749,0.6258,0.5272,0,0.3686,0.7733,-0.5159,0,-0.7305,-0.1023,-0.6752,0,0,1.1295,0,1]},
{"frame":60,"values":[-0.5992,0.6091,0.5195,0,0.4473,0.7929,-0.4138,0,-0.664,-0.0155,-0.7476,0,0,1.1295,0,1]},
{"frame":61,"values":[-0.6331,0.6097,0.477,0,0.5525,0.7874,-0.2732,0,-0.5422,0.0905,-0.8354,0,0,1.1295,0,1]},
{"frame":62,"values":[-0.6851,0.6245,0.375,0,0.6626,0.7481,-0.0352,0,-0.3025,0.2244,-0.9264,0,0,1.1295,0,1]},
{"frame":63,"values":[-0.7128,0.669,0.2106,0,0.6985,0.6495,0.3004,0,0.0642,0.3612,-0.9303,0,0,1.1295,0,1]},
{"frame":64,"values":[-0.6692,0.7424,0.0332,0,0.5864,0.5001,0.6372,0,0.4564,0.4459,-0.77,0,0,1.1295,0,1]},
{"frame":65,"values":[-0.5729,0.8152,-0.085,0,0.3798,0.3559,0.8539,0,0.7263,0.4569,-0.5135,0,0,1.1295,0,1]},
{"frame":66,"values":[-0.487,0.8636,-0.1305,0,0.2002,0.2558,0.9458,0,0.8502,0.4345,-0.2975,0,0,1.1295,0,1]},
{"frame":67,"values":[-0.4458,0.8856,-0.1304,0,0.107,0.1974,0.9745,0,0.8887,0.4205,-0.1827,0,0,1.1295,0,1]},
{"frame":68,"values":[-0.4316,0.8954,-0.1094,0,0.0656,0.1521,0.9862,0,0.8997,0.4185,-0.1244,0,0,1.1295,0,1]},
{"frame":69,"values":[-0.4223,0.9032,-0.0765,0,0.0343,0.1003,0.9944,0,0.9058,0.4173,-0.0733,0,0,1.1295,0,1]},
{"frame":70,"values":[-0.4178,0.908,-0.0327,0,0.0137,0.0423,0.999,0,0.9084,0.4169,-0.0301,0,0,1.1295,0,1]},
{"frame":71,"values":[-0.4176,0.9084,0.0207,0,0.0038,-0.021,0.9998,0,0.9086,0.4176,0.0054,0,0,1.1295,0,1]},
{"frame":72,"values":[-0.4208,0.9035,0.0813,0,0.0042,-0.0877,0.9961,0,0.9071,0.4195,0.0331,0,0,1.1295,0,1]},
{"frame":73,"values":[-0.426,0.8929,0.146,0,0.0138,-0.1549,0.9878,0,0.9046,0.4228,0.0537,0,0,1.1295,0,1]},
{"frame":74,"values":[-0.4316,0.8771,0.2108,0,0.0304,-0.2193,0.9752,0,0.9016,0.4273,0.068,0,0,1.1295,0,1]},
{"frame":75,"values":[-0.4364,0.8578,0.2714,0,0.0513,-0.2775,0.9594,0,0.8983,0.4326,0.0771,0,0,1.1295,0,1]},
{"frame":76,"values":[-0.4399,0.8374,0.3243,0,0.0731,-0.3265,0.9424,0,0.8951,0.4383,0.0824,0,0,1.1295,0,1]},
{"frame":77,"values":[-0.442,0.8186,0.3668,0,0.0931,-0.3648,0.9264,0,0.8922,0.4436,0.085,0,0,1.1295,0,1]},
{"frame":78,"values":[-0.443,0.8037,0.3973,0,0.1089,-0.3917,0.9136,0,0.8899,0.448,0.0859,0,0,1.1295,0,1]},
{"frame":79,"values":[-0.4433,0.7942,0.4156,0,0.119,-0.4073,0.9055,0,0.8884,0.4509,0.0861,0,0,1.1295,0,1]},
{"frame":80,"values":[-0.4434,0.791,0.4215,0,0.1225,-0.4124,0.9027,0,0.8879,0.4519,0.086,0,0,1.1295,0,1]}],"loopBehavior":1,"name":"anim","property":"_matrix"}},
{"name":"Bone.002_L.002","index":9,"matrix":[-0.4377,-0.4034,-0.8036,0,0.429,0.6917,-0.5809,0,0.7902,-0.599,-0.1297,0,0,1.418,0,1],"rest":[-0.4377,-0.4034,-0.8036,0,0.429,0.6917,-0.5809,0,0.7902,-0.599,-0.1297,0,0,1.418,0,1],"parentBoneIndex":8,"length":1.7347
,"animation":{"dataType":3,"framePerSecond":24,"keys":[
{"frame":1,"values":[-0.4377,-0.4034,-0.8036,0,0.429,0.6917,-0.5809,0,0.7902,-0.599,-0.1297,0,0,1.418,0,1]},
{"frame":31,"values":[-0.4428,-0.3871,-0.8087,0,0.4138,0.7119,-0.5674,0,0.7954,-0.5859,-0.155,0,0,1.418,0,1]},
{"frame":32,"values":[-0.4595,-0.3383,-0.8213,0,0.3681,0.769,-0.5227,0,0.8083,-0.5424,-0.2288,0,0,1.418,0,1]},
{"frame":33,"values":[-0.4892,-0.2627,-0.8317,0,0.2973,0.8462,-0.4422,0,0.8199,-0.4636,-0.3359,0,0,1.418,0,1]},
{"frame":34,"values":[-0.5284,-0.178,-0.8301,0,0.2178,0.9166,-0.3352,0,0.8205,-0.3579,-0.4456,0,0,1.418,0,1]},
{"frame":35,"values":[-0.5666,-0.1067,-0.817,0,0.151,0.9613,-0.2303,0,0.81,-0.2539,-0.5286,0,0,1.418,0,1]},
{"frame":36,"values":[-0.5929,-0.0628,-0.8028,0,0.1098,0.9813,-0.1579,0,0.7977,-0.1818,-0.5749,0,0,1.418,0,1]},
{"frame":37,"values":[-0.6019,-0.0486,-0.7971,0,0.0965,0.9864,-0.133,0,0.7927,-0.1569,-0.5891,0,0,1.418,0,1]},
{"frame":51,"values":[-0.5975,-0.0555,-0.7999,0,0.1029,0.984,-0.1452,0,0.7952,-0.1691,-0.5823,0,0,1.418,0,1]},
{"frame":52,"values":[-0.5843,-0.0768,-0.8079,0,0.1229,0.9757,-0.1816,0,0.8022,-0.2054,-0.5607,0,0,1.418,0,1]},
{"frame":53,"values":[-0.5632,-0.1127,-0.8186,0,0.1566,0.9581,-0.2397,0,0.8113,-0.2633,-0.522,0,0,1.418,0,1]},
{"frame":54,"values":[-0.5366,-0.162,-0.8282,0,0.2029,0.9279,-0.3129,0,0.8191,-0.3359,-0.465,0,0,1.418,0,1]},
{"frame":55,"values":[-0.5082,-0.22,-0.8327,0,0.2572,0.8839,-0.3905,0,0.8219,-0.4127,-0.3926,0,0,1.418,0,1]},
{"frame":56,"values":[-0.4823,-0.2793,-0.8303,0,0.3128,0.8304,-0.461,0,0.8183,-0.4821,-0.3131,0,0,1.418,0,1]},
{"frame":57,"values":[-0.4618,-0.3317,-0.8226,0,0.362,0.7762,-0.5163,0,0.8097,-0.5362,-0.2384,0,0,1.418,0,1]},
{"frame":58,"values":[-0.4479,-0.3714,-0.8133,0,0.3991,0.7309,-0.5536,0,0.8,-0.5726,-0.1792,0,0,1.418,0,1]},
{"frame":59,"values":[-0.4402,-0.3954,-0.8062,0,0.4216,0.7017,-0.5744,0,0.7928,-0.5927,-0.1421,0,0,1.418,0,1]},
{"frame":60,"values":[-0.4377,-0.4034,-0.8036,0,0.429,0.6917,-0.5809,0,0.7902,-0.599,-0.1297,0,0,1.418,0,1]},
{"frame":61,"values":[-0.4475,-0.3886,-0.8054,0,0.404,0.7157,-0.5697,0,0.7978,-0.5804,-0.1633,0,0,1.418,0,1]},
{"frame":62,"values":[-0.4789,-0.345,-0.8072,0,0.3272,0.7831,-0.5288,0,0.8146,-0.5174,-0.2622,0,0,1.418,0,1]},
{"frame":63,"values":[-0.5323,-0.2811,-0.7985,0,0.205,0.8724,-0.4437,0,0.8214,-0.3999,-0.4068,0,0,1.418,0,1]},
{"frame":64,"values":[-0.5984,-0.2169,-0.7713,0,0.0648,0.9464,-0.3164,0,0.7986,-0.2393,-0.5523,0,0,1.418,0,1]},
{"frame":65,"values":[-0.6584,-0.1718,-0.7328,0,-0.0552,0.982,-0.1806,0,0.7507,-0.0785,-0.656,0,0,1.418,0,1]},
{"frame":66,"values":[-0.6975,-0.1506,-0.7006,0,-0.1345,0.9878,-0.0785,0,0.7039,0.0395,-0.7092,0,0,1.418,0,1]},
{"frame":67,"values":[-0.7116,-0.1478,-0.6869,0,-0.1739,0.9843,-0.0316,0,0.6807,0.097,-0.7261,0,0,1.418,0,1]},
{"frame":68,"values":[-0.713,-0.1554,-0.6837,0,-0.1968,0.9803,-0.0176,0,0.6729,0.122,-0.7296,0,0,1.418,0,1]},
{"frame":69,"values":[-0.7132,-0.1697,-0.6801,0,-0.222,0.975,-0.0105,0,0.6649,0.1435,-0.733,0,0,1.418,0,1]},
{"frame":70,"values":[-0.7118,-0.1903,-0.6761,0,-0.2491,0.9684,-0.0104,0,0.6567,0.1611,-0.7367,0,0,1.418,0,1]},
{"frame":71,"values":[-0.7086,-0.2167,-0.6715,0,-0.2776,0.9605,-0.0169,0,0.6487,0.1744,-0.7408,0,0,1.418,0,1]},
{"frame":72,"values":[-0.7035,-0.2474,-0.6663,0,-0.3067,0.9514,-0.0294,0,0.6411,0.1837,-0.7451,0,0,1.418,0,1]},
{"frame":73,"values":[-0.6966,-0.2807,-0.6602,0,-0.3351,0.941,-0.0464,0,0.6343,0.1889,-0.7496,0,0,1.418,0,1]},
{"frame":74,"values":[-0.6885,-0.3143,-0.6535,0,-0.3618,0.9299,-0.0661,0,0.6285,0.1909,-0.754,0,0,1.418,0,1]},
{"frame":75,"values":[-0.6799,-0.3461,-0.6465,0,-0.3854,0.9187,-0.0866,0,0.6239,0.1903,-0.758,0,0,1.418,0,1]},
{"frame":76,"values":[-0.6715,-0.374,-0.6397,0,-0.4051,0.9082,-0.1057,0,0.6205,0.1881,-0.7613,0,0,1.418,0,1]},
{"frame":77,"values":[-0.6642,-0.3965,-0.6337,0,-0.4203,0.8991,-0.122,0,0.6182,0.1853,-0.7639,0,0,1.418,0,1]},
{"frame":78,"values":[-0.6587,-0.4128,-0.6291,0,-0.431,0.8923,-0.1343,0,0.6168,0.1827,-0.7657,0,0,1.418,0,1]},
{"frame":79,"values":[-0.6552,-0.4226,-0.6262,0,-0.4372,0.8881,-0.1418,0,0.616,0.1809,-0.7667,0,0,1.418,0,1]},
{"frame":80,"values":[-0.6541,-0.4258,-0.6252,0,-0.4392,0.8867,-0.1443,0,0.6158,0.1802,-0.767,0,0,1.418,0,1]}],"loopBehavior":1,"name":"anim","property":"_matrix"}},
{"name":"Bone.002_R","index":10,"matrix":[-0.0254,-0.9997,0,0,0.9997,-0.0254,0,0,0,0,1,0,0,0.9693,0,1],"rest":[-0.0254,-0.9997,0,0,0.9997,-0.0254,0,0,0,0,1,0,0,0.9693,0,1],"parentBoneIndex":4,"length":1.1295
,"animation":{"dataType":3,"framePerSecond":24,"keys":[
{"frame":1,"values":[-0.0254,-0.9997,0,0,0.9997,-0.0254,0,0,0,0,1,0,0,0.9693,0,1]},
{"frame":80,"values":[-0.0254,-0.9997,0,0,0.9997,-0.0254,0,0,0,0,1,0,0,0.9693,0,1]}],"loopBehavior":1,"name":"anim","property":"_matrix"}},
{"name":"Bone.002_R.001","index":11,"matrix":[-0.2802,-0.8583,0.43,0,0.3347,0.3324,0.8817,0,-0.8997,0.391,0.1941,0,0,1.1295,0,1],"rest":[0.5992,-0.6091,0.5195,0,0.4473,0.7929,0.4138,0,-0.664,-0.0155,0.7476,0,0,1.1295,0,1],"parentBoneIndex":10,"length":1.418
,"animation":{"dataType":3,"framePerSecond":24,"keys":[
{"frame":1,"values":[-0.2988,-0.8593,0.4151,0,0.2925,0.3316,0.8969,0,-0.9084,0.3894,0.1523,0,0,1.1295,0,1]},
{"frame":2,"values":[-0.2802,-0.8583,0.43,0,0.3347,0.3324,0.8817,0,-0.8997,0.391,0.1941,0,0,1.1295,0,1]},
{"frame":3,"values":[-0.2176,-0.8549,0.4709,0,0.4622,0.3347,0.8212,0,-0.8597,0.3963,0.3223,0,0,1.1295,0,1]},
{"frame":4,"values":[-0.0965,-0.8495,0.5186,0,0.6584,0.3363,0.6733,0,-0.7465,0.4064,0.5269,0,0,1.1295,0,1]},
{"frame":5,"values":[0.0826,-0.8434,0.5309,0,0.8547,0.334,0.3974,0,-0.5125,0.421,0.7484,0,0,1.1295,0,1]},
{"frame":6,"values":[0.2736,-0.8391,0.4701,0,0.9451,0.3253,0.0305,0,-0.1785,0.4359,0.8821,0,0,1.1295,0,1]},
{"frame":7,"values":[0.4127,-0.8382,0.3564,0,0.8994,0.3133,-0.3048,0,0.1438,0.4464,0.8832,0,0,1.1295,0,1]},
{"frame":8,"values":[0.484,-0.8394,0.2473,0,0.7943,0.3029,-0.5266,0,0.3671,0.4514,0.8133,0,0,1.1295,0,1]},
{"frame":9,"values":[0.5116,-0.8407,0.1777,0,0.7095,0.2966,-0.6392,0,0.4847,0.4531,0.7482,0,0,1.1295,0,1]},
{"frame":10,"values":[0.5181,-0.8412,0.1549,0,0.6792,0.2946,-0.6722,0,0.5199,0.4535,0.724,0,0,1.1295,0,1]},
{"frame":11,"values":[0.5126,-0.841,0.1732,0,0.7033,0.2955,-0.6466,0,0.4926,0.4532,0.743,0,0,1.1295,0,1]},
{"frame":12,"values":[0.491,-0.8405,0.2292,0,0.7727,0.2986,-0.5602,0,0.4024,0.4522,0.796,0,0,1.1295,0,1]},
{"frame":13,"values":[0.438,-0.84,0.3203,0,0.8688,0.304,-0.3909,0,0.231,0.4495,0.8629,0,0,1.1295,0,1]},
{"frame":14,"values":[0.3329,-0.8403,0.4279,0,0.9425,0.3112,-0.1222,0,-0.0305,0.444,0.8955,0,0,1.1295,0,1]},
{"frame":15,"values":[0.1718,-0.8423,0.5109,0,0.9234,0.3184,0.2144,0,-0.3432,0.4349,0.8325,0,0,1.1295,0,1]},
{"frame":16,"values":[-0.0087,-0.8462,0.5328,0,0.7866,0.3232,0.5261,0,-0.6174,0.4237,0.6628,0,0,1.1295,0,1]},
{"frame":17,"values":[-0.1562,-0.8508,0.5017,0,0.5933,0.3253,0.7363,0,-0.7897,0.4127,0.454,0,0,1.1295,0,1]},
{"frame":18,"values":[-0.2486,-0.8549,0.4554,0,0.425,0.3262,0.8444,0,-0.8704,0.4035,0.2823,0,0,1.1295,0,1]},
{"frame":19,"values":[-0.2922,-0.8578,0.4229,0,0.3224,0.3279,0.888,0,-0.9004,0.3958,0.1807,0,0,1.1295,0,1]},
{"frame":20,"values":[-0.2988,-0.8593,0.4151,0,0.2925,0.3316,0.8969,0,-0.9084,0.3894,0.1523,0,0,1.1295,0,1]},
{"frame":21,"values":[-0.2769,-0.8599,0.4289,0,0.2994,0.3469,0.8888,0,-0.9131,0.3745,0.1614,0,0,1.1295,0,1]},
{"frame":22,"values":[-0.2291,-0.8584,0.4589,0,0.3094,0.3828,0.8705,0,-0.9229,0.3415,0.1779,0,0,1.1295,0,1]},
{"frame":23,"values":[-0.1545,-0.8509,0.5021,0,0.3214,0.4372,0.8399,0,-0.9342,0.2911,0.206,0,0,1.1295,0,1]},
{"frame":24,"values":[-0.0543,-0.8324,0.5515,0,0.3333,0.5055,0.7958,0,-0.9413,0.227,0.25,0,0,1.1295,0,1]},
{"frame":25,"values":[0.0656,-0.7996,0.597,0,0.3434,0.5798,0.7389,0,-0.9369,0.1565,0.3126,0,0,1.1295,0,1]},
{"frame":26,"values":[0.1948,-0.7539,0.6275,0,0.3519,0.6508,0.6727,0,-0.9155,0.0898,0.3921,0,0,1.1295,0,1]},
{"frame":27,"values":[0.321,-0.7026,0.6351,0,0.3621,0.7107,0.6031,0,-0.8751,0.0363,0.4826,0,0,1.1295,0,1]},
{"frame":28,"values":[0.4342,-0.6558,0.6175,0,0.3788,0.7549,0.5354,0,-0.8173,0.0014,0.5762,0,0,1.1295,0,1]},
{"frame":29,"values":[0.528,-0.6228,0.5774,0,0.4063,0.7823,0.4722,0,-0.7458,-0.0148,0.666,0,0,1.1295,0,1]},
{"frame":30,"values":[0.5992,-0.6091,0.5195,0,0.4473,0.7929,0.4138,0,-0.664,-0.0155,0.7476,0,0,1.1295,0,1]},
{"frame":31,"values":[0.6637,-0.6079,0.4359,0,0.5226,0.7937,0.3113,0,-0.5352,0.0212,0.8444,0,0,1.1295,0,1]},
{"frame":32,"values":[0.7234,-0.62,0.3038,0,0.6253,0.7749,0.0924,0,-0.2927,0.1231,0.9483,0,0,1.1295,0,1]},
{"frame":33,"values":[0.7372,-0.6635,0.1277,0,0.6713,0.698,-0.2492,0,0.0762,0.2694,0.96,0,0,1.1295,0,1]},
{"frame":34,"values":[0.673,-0.7389,-0.0341,0,0.5724,0.5494,-0.6086,0,0.4684,0.3901,0.7927,0,0,1.1295,0,1]},
{"frame":35,"values":[0.5679,-0.8143,-0.1201,0,0.3738,0.3851,-0.8438,0,0.7333,0.4343,0.5231,0,0,1.1295,0,1]},
{"frame":36,"values":[0.4845,-0.8636,-0.1396,0,0.1986,0.264,-0.9438,0,0.852,0.4295,0.2995,0,0,1.1295,0,1]},
{"frame":37,"values":[0.4458,-0.8856,-0.1304,0,0.107,0.1974,-0.9745,0,0.8887,0.4205,0.1827,0,0,1.1295,0,1]},
{"frame":38,"values":[0.4309,-0.8956,-0.111,0,0.0649,0.1535,-0.986,0,0.9001,0.4176,0.1242,0,0,1.1295,0,1]},
{"frame":39,"values":[0.4192,-0.9041,-0.0829,0,0.0317,0.1058,-0.9939,0,0.9073,0.414,0.073,0,0,1.1295,0,1]},
{"frame":40,"values":[0.4112,-0.9104,-0.0465,0,0.0079,0.0546,-0.9985,0,0.9115,0.4102,0.0297,0,0,1.1295,0,1]},
{"frame":41,"values":[0.4066,-0.9136,-0.0025,0,-0.0061,0,-1,0,0.9136,0.4066,-0.0056,0,0,1.1295,0,1]},
{"frame":42,"values":[0.4053,-0.913,0.0478,0,-0.0106,-0.057,-0.9983,0,0.9141,0.4041,-0.0328,0,0,1.1295,0,1]},
{"frame":43,"values":[0.4065,-0.9079,0.1026,0,-0.0062,-0.115,-0.9933,0,0.9136,0.4032,-0.0524,0,0,1.1295,0,1]},
{"frame":44,"values":[0.4096,-0.8982,0.1595,0,0.0057,-0.1723,-0.985,0,0.9122,0.4044,-0.0655,0,0,1.1295,0,1]},
{"frame":45,"values":[0.4139,-0.8843,0.2159,0,0.0232,-0.2269,-0.9737,0,0.91,0.408,-0.0734,0,0,1.1295,0,1]},
{"frame":46,"values":[0.4189,-0.8672,0.2693,0,0.0441,-0.2768,-0.9599,0,0.907,0.4139,-0.0777,0,0,1.1295,0,1]},
{"frame":47,"values":[0.4242,-0.848,0.3176,0,0.0662,-0.3208,-0.9448,0,0.9031,0.4218,-0.0799,0,0,1.1295,0,1]},
{"frame":48,"values":[0.43,-0.8282,0.3595,0,0.0875,-0.358,-0.9296,0,0.8986,0.4311,-0.0815,0,0,1.1295,0,1]},
{"frame":49,"values":[0.4363,-0.8089,0.3942,0,0.1066,-0.3885,-0.9153,0,0.8935,0.4413,-0.0833,0,0,1.1295,0,1]},
{"frame":50,"values":[0.4434,-0.791,0.4215,0,0.1225,-0.4124,-0.9027,0,0.8879,0.4519,-0.086,0,0,1.1295,0,1]},
{"frame":51,"values":[0.4539,-0.776,0.4379,0,0.164,-0.4103,-0.8971,0,0.8758,0.479,-0.059,0,0,1.1295,0,1]},
{"frame":52,"values":[0.4704,-0.7644,0.4409,0,0.2626,-0.3557,-0.8969,0,0.8425,0.5377,0.0333,0,0,1.1295,0,1]},
{"frame":53,"values":[0.4946,-0.7535,0.4332,0,0.4146,-0.2335,-0.8795,0,0.7638,0.6146,0.1969,0,0,1.1295,0,1]},
{"frame":54,"values":[0.5278,-0.738,0.4205,0,0.5944,-0.0327,-0.8035,0,0.6068,0.674,0.4214,0,0,1.1295,0,1]},
{"frame":55,"values":[0.5667,-0.7133,0.4124,0,0.7425,0.2251,-0.6308,0,0.3571,0.6637,0.6572,0,0,1.1295,0,1]},
{"frame":56,"values":[0.6015,-0.6809,0.4179,0,0.797,0.475,-0.3732,0,0.0556,0.5575,0.8283,0,0,1.1295,0,1]},
{"frame":57,"values":[0.6224,-0.6491,0.4374,0,0.7504,0.6538,-0.0975,0,-0.2227,0.3889,0.894,0,0,1.1295,0,1]},
{"frame":58,"values":[0.6269,-0.6256,0.4644,0,0.6483,0.7494,0.1343,0,-0.432,0.2168,0.8754,0,0,1.1295,0,1]},
{"frame":59,"values":[0.6181,-0.6126,0.4926,0,0.5387,0.7864,0.3022,0,-0.5725,0.0786,0.8161,0,0,1.1295,0,1]},
{"frame":60,"values":[0.5992,-0.6091,0.5195,0,0.4473,0.7929,0.4138,0,-0.664,-0.0155,0.7476,0,0,1.1295,0,1]},
{"frame":61,"values":[0.5638,-0.621,0.5445,0,0.3798,0.7804,0.4968,0,-0.7334,-0.0733,0.6758,0,0,1.1295,0,1]},
{"frame":62,"values":[0.5048,-0.6547,0.5626,0,0.3366,0.7494,0.5701,0,-0.7949,-0.0984,0.5987,0,0,1.1295,0,1]},
{"frame":63,"values":[0.4262,-0.7044,0.5676,0,0.3171,0.704,0.6355,0,-0.8472,-0.0909,0.5234,0,0,1.1295,0,1]},
{"frame":64,"values":[0.3386,-0.759,0.5562,0,0.314,0.6483,0.6936,0,-0.887,-0.0602,0.4579,0,0,1.1295,0,1]},
{"frame":65,"values":[0.2575,-0.8078,0.5303,0,0.316,0.589,0.7438,0,-0.9132,-0.0239,0.4069,0,0,1.1295,0,1]},
{"frame":66,"values":[0.197,-0.846,0.4955,0,0.3136,0.5332,0.7857,0,-0.9289,0.0006,0.3703,0,0,1.1295,0,1]},
{"frame":67,"values":[0.1643,-0.8741,0.4571,0,0.3025,0.4857,0.8201,0,-0.9389,0.0035,0.3442,0,0,1.1295,0,1]},
{"frame":68,"values":[0.1485,-0.8972,0.4158,0,0.288,0.4415,0.8498,0,-0.946,-0.0064,0.324,0,0,1.1295,0,1]},
{"frame":69,"values":[0.1375,-0.9188,0.3701,0,0.2766,0.3944,0.8763,0,-0.9511,-0.0181,0.3083,0,0,1.1295,0,1]},
{"frame":70,"values":[0.1311,-0.9381,0.3205,0,0.2688,0.3448,0.8994,0,-0.9542,-0.0318,0.2974,0,0,1.1295,0,1]},
{"frame":71,"values":[0.129,-0.9546,0.2683,0,0.265,0.294,0.9184,0,-0.9556,-0.0474,0.2909,0,0,1.1295,0,1]},
{"frame":72,"values":[0.1306,-0.9678,0.2152,0,0.2652,0.2432,0.933,0,-0.9553,-0.0648,0.2884,0,0,1.1295,0,1]},
{"frame":73,"values":[0.135,-0.9773,0.163,0,0.2692,0.1945,0.9433,0,-0.9536,-0.0834,0.2893,0,0,1.1295,0,1]},
{"frame":74,"values":[0.141,-0.9834,0.1141,0,0.276,0.1497,0.9494,0,-0.9508,-0.1024,0.2925,0,0,1.1295,0,1]},
{"frame":75,"values":[0.1477,-0.9865,0.0704,0,0.2846,0.1106,0.9522,0,-0.9472,-0.1206,0.2971,0,0,1.1295,0,1]},
{"frame":76,"values":[0.1541,-0.9875,0.0338,0,0.2937,0.0784,0.9527,0,-0.9434,-0.1369,0.3021,0,0,1.1295,0,1]},
{"frame":77,"values":[0.1596,-0.9872,0.0052,0,0.302,0.0538,0.9518,0,-0.9399,-0.1503,0.3067,0,0,1.1295,0,1]},
{"frame":78,"values":[0.1637,-0.9864,-0.0149,0,0.3086,0.0368,0.9505,0,-0.937,-0.1602,0.3104,0,0,1.1295,0,1]},
{"frame":79,"values":[0.1662,-0.9857,-0.0267,0,0.3128,0.0271,0.9494,0,-0.9352,-0.1662,0.3128,0,0,1.1295,0,1]},
{"frame":80,"values":[0.1671,-0.9855,-0.0305,0,0.3143,0.0239,0.949,0,-0.9345,-0.1682,0.3137,0,0,1.1295,0,1]}],"loopBehavior":1,"name":"anim","property":"_matrix"}},
{"name":"Bone.002_R.002","index":12,"matrix":[-0.4377,0.4034,0.8036,0,-0.429,0.6917,-0.5809,0,-0.7902,-0.599,-0.1297,0,0,1.418,0,1],"rest":[-0.4377,0.4034,0.8036,0,-0.429,0.6917,-0.5809,0,-0.7902,-0.599,-0.1297,0,0,1.418,0,1],"parentBoneIndex":11,"length":1.7347
,"animation":{"dataType":3,"framePerSecond":24,"keys":[
{"frame":1,"values":[-0.4377,0.4034,0.8036,0,-0.429,0.6917,-0.5809,0,-0.7902,-0.599,-0.1297,0,0,1.418,0,1]},
{"frame":31,"values":[-0.4475,0.3886,0.8054,0,-0.404,0.7156,-0.5697,0,-0.7978,-0.5804,-0.1633,0,0,1.418,0,1]},
{"frame":32,"values":[-0.4789,0.345,0.8072,0,-0.3272,0.7831,-0.5288,0,-0.8146,-0.5174,-0.2621,0,0,1.418,0,1]},
{"frame":33,"values":[-0.5323,0.2811,0.7985,0,-0.205,0.8724,-0.4438,0,-0.8214,-0.3999,-0.4067,0,0,1.418,0,1]},
{"frame":34,"values":[-0.5984,0.2169,0.7713,0,-0.0649,0.9464,-0.3165,0,-0.7986,-0.2394,-0.5522,0,0,1.418,0,1]},
{"frame":35,"values":[-0.6584,0.1718,0.7328,0,0.0551,0.982,-0.1807,0,-0.7507,-0.0785,-0.656,0,0,1.418,0,1]},
{"frame":36,"values":[-0.6975,0.1506,0.7006,0,0.1345,0.9878,-0.0785,0,-0.7039,0.0395,-0.7092,0,0,1.418,0,1]},
{"frame":37,"values":[-0.7116,0.1478,0.6869,0,0.1739,0.9843,-0.0316,0,-0.6807,0.097,-0.7261,0,0,1.418,0,1]},
{"frame":38,"values":[-0.7138,0.1551,0.683,0,0.1964,0.9804,-0.0173,0,-0.6723,0.1218,-0.7302,0,0,1.418,0,1]},
{"frame":39,"values":[-0.7161,0.1684,0.6774,0,0.2204,0.9754,-0.0094,0,-0.6623,0.1426,-0.7356,0,0,1.418,0,1]},
{"frame":40,"values":[-0.7181,0.1875,0.6702,0,0.2457,0.9693,-0.008,0,-0.6511,0.159,-0.7421,0,0,1.418,0,1]},
{"frame":41,"values":[-0.7192,0.212,0.6617,0,0.2719,0.9622,-0.0127,0,-0.6394,0.1708,-0.7497,0,0,1.418,0,1]},
{"frame":42,"values":[-0.719,0.2407,0.652,0,0.2985,0.9541,-0.0231,0,-0.6277,0.1781,-0.7578,0,0,1.418,0,1]},
{"frame":43,"values":[-0.7169,0.2721,0.6419,0,0.3248,0.945,-0.0379,0,-0.6169,0.1814,-0.7658,0,0,1.418,0,1]},
{"frame":44,"values":[-0.7127,0.3043,0.632,0,0.3499,0.9351,-0.0557,0,-0.608,0.1815,-0.7729,0,0,1.418,0,1]},
{"frame":45,"values":[-0.7065,0.3352,0.6233,0,0.3728,0.9249,-0.0748,0,-0.6016,0.1796,-0.7784,0,0,1.418,0,1]},
{"frame":46,"values":[-0.6984,0.3631,0.6168,0,0.393,0.9148,-0.0936,0,-0.5982,0.177,-0.7815,0,0,1.418,0,1]},
{"frame":47,"values":[-0.6887,0.3867,0.6133,0,0.4097,0.9054,-0.1108,0,-0.5981,0.175,-0.7821,0,0,1.418,0,1]},
{"frame":48,"values":[-0.6779,0.4052,0.6133,0,0.423,0.8974,-0.1254,0,-0.6012,0.1744,-0.7798,0,0,1.418,0,1]},
{"frame":49,"values":[-0.6663,0.4183,0.6173,0,0.4328,0.8911,-0.1367,0,-0.6072,0.1761,-0.7748,0,0,1.418,0,1]},
{"frame":50,"values":[-0.6541,0.4258,0.6252,0,0.4392,0.8867,-0.1443,0,-0.6158,0.1802,-0.767,0,0,1.418,0,1]},
{"frame":51,"values":[-0.6402,0.4288,0.6374,0,0.4293,0.8878,-0.166,0,-0.637,0.1673,-0.7525,0,0,1.418,0,1]},
{"frame":52,"values":[-0.6233,0.4288,0.6539,0,0.3867,0.8958,-0.2189,0,-0.6797,0.1165,-0.7242,0,0,1.418,0,1]},
{"frame":53,"values":[-0.6025,0.4271,0.6742,0,0.3072,0.9038,-0.298,0,-0.7367,0.0275,-0.6757,0,0,1.418,0,1]},
{"frame":54,"values":[-0.5774,0.4253,0.697,0,0.1902,0.9002,-0.3917,0,-0.794,-0.0936,-0.6007,0,0,1.418,0,1]},
{"frame":55,"values":[-0.549,0.4246,0.7199,0,0.0459,0.8754,-0.4813,0,-0.8346,-0.2311,-0.5,0,0,1.418,0,1]},
{"frame":56,"values":[-0.5196,0.4253,0.741,0,-0.1045,0.8291,-0.5492,0,-0.848,-0.3628,-0.3864,0,0,1.418,0,1]},
{"frame":57,"values":[-0.4923,0.4258,0.7592,0,-0.2376,0.7734,-0.5878,0,-0.8374,-0.4697,-0.2796,0,0,1.418,0,1]},
{"frame":58,"values":[-0.469,0.4235,0.775,0,-0.3381,0.7246,-0.6006,0,-0.8159,-0.5437,-0.1967,0,0,1.418,0,1]},
{"frame":59,"values":[-0.4507,0.4165,0.7895,0,-0.4015,0.6954,-0.5961,0,-0.7973,-0.5856,-0.1462,0,0,1.418,0,1]},
{"frame":60,"values":[-0.4377,0.4034,0.8036,0,-0.429,0.6917,-0.5809,0,-0.7902,-0.599,-0.1297,0,0,1.418,0,1]},
{"frame":61,"values":[-0.4346,0.3735,0.8195,0,-0.4222,0.7193,-0.5517,0,-0.7956,-0.5857,-0.1549,0,0,1.418,0,1]},
{"frame":62,"values":[-0.4476,0.3171,0.8361,0,-0.3804,0.7787,-0.499,0,-0.8093,-0.5414,-0.2279,0,0,1.418,0,1]},
{"frame":63,"values":[-0.4782,0.2405,0.8447,0,-0.3094,0.8539,-0.4184,0,-0.8219,-0.4614,-0.3339,0,0,1.418,0,1]},
{"frame":64,"values":[-0.521,0.1609,0.8383,0,-0.2268,0.9207,-0.3177,0,-0.8229,-0.3556,-0.4432,0,0,1.418,0,1]},
{"frame":65,"values":[-0.5631,0.0976,0.8206,0,-0.1557,0.9627,-0.2214,0,-0.8116,-0.2524,-0.5269,0,0,1.418,0,1]},
