{"producer":{"name":"Blender","version":"2.75 (sub 0)","exporter_version":"4.6.1","file":"figure_rigged_run_new.babylon"},
"autoClear":true,"clearColor":[0.0509,0.0509,0.0509],"ambientColor":[0,0,0],"gravity":[0,-9.81,0],
"materials":[{"name":"figure_rigged_run_new.Material","id":"figure_rigged_run_new.Material","ambient":[0.8,0.8,0.8],"diffuse":[0.64,0.64,0.64],"specular":[0.5,0.5,0.5],"emissive":[0,0,0],"specularPower":50,"alpha":1,"backFaceCulling":true,"checkReadyOnlyOnce":false}],
"multiMaterials":[],
"skeletons":[{"name":"Armature","id":0,"dimensionsAtRest":[0,0,0],"bones":[
{"name":"Bone_L.003","index":0,"matrix":[-1,0,0,0,0,-1,0,0,0,0,-1,0,1.2103,-3.88,-1.6438,1],"rest":[-1,0,0,0,0,-1,0,0,0,0,-1,0,1.2103,-5.2529,0.0036,1],"parentBoneIndex":-1,"length":0.9358
,"animation":{"dataType":3,"framePerSecond":24,"keys":[
{"frame":0,"values":[-1,0,0,0,0,-1,0,0,0,0,-1,0,1.2103,-5.2529,0.0036,1]},
{"frame":20,"values":[-1,0,0,0,0,-1,0,0,0,0,-1,0,1.2103,-5.2529,0.0036,1]},
{"frame":30,"values":[-1,0,0,0,0,-1,0,0,0,0,-1,0,1.2103,-5.2529,0.0036,1]},
{"frame":50,"values":[-1,0,0,0,0,-1,0,0,0,0,-1,0,1.2103,-5.2529,0.0036,1]},
{"frame":61,"values":[-1,0,0,0,0,-1,0,0,0,0,-1,0,1.2103,-3.88,-1.6438,1]},
{"frame":62,"values":[-1,0,0,0,0,-1,0,0,0,0,-1,0,1.2103,-3.9142,-1.5488,1]},
{"frame":63,"values":[-1,0,0,0,0,-1,0,0,0,0,-1,0,1.2103,-4.0162,-1.2714,1]},
{"frame":64,"values":[-1,0,0,0,0,-1,0,0,0,0,-1,0,1.2103,-4.1792,-0.8404,1]},
{"frame":65,"values":[-1,0,0,0,0,-1,0,0,0,0,-1,0,1.2103,-4.3855,-0.3088,1]},
{"frame":66,"values":[-1,0,0,0,0,-1,0,0,0,0,-1,0,1.2103,-4.6072,0.2513,1]},
{"frame":67,"values":[-1,0,0,0,0,-1,0,0,0,0,-1,0,1.2103,-4.8123,0.7641,1]},
{"frame":68,"values":[-1,0,0,0,0,-1,0,0,0,0,-1,0,1.2103,-4.9735,1.1671,1]},
{"frame":69,"values":[-1,0,0,0,0,-1,0,0,0,0,-1,0,1.2103,-5.074,1.4203,1]},
{"frame":70,"values":[-1,0,0,0,0,-1,0,0,0,0,-1,0,1.2103,-5.1075,1.5057,1]},
{"frame":71,"values":[-1,0,0,0,0,-1,0,0,0,0,-1,0,1.2103,-5.0804,1.4364,1]},
{"frame":72,"values":[-1,0,0,0,0,-1,0,0,0,0,-1,0,1.2103,-4.9987,1.2298,1]},
{"frame":73,"values":[-1,0,0,0,0,-1,0,0,0,0,-1,0,1.2103,-4.8661,0.8963,1]},
{"frame":74,"values":[-1,0,0,0,0,-1,0,0,0,0,-1,0,1.2103,-4.6926,0.461,1]},
{"frame":75,"values":[-1,0,0,0,0,-1,0,0,0,0,-1,0,1.2103,-4.496,-0.0348,1]},
{"frame":76,"values":[-1,0,0,0,0,-1,0,0,0,0,-1,0,1.2103,-4.2989,-0.5374,1]},
{"frame":77,"values":[-1,0,0,0,0,-1,0,0,0,0,-1,0,1.2103,-4.1243,-0.9902,1]},
{"frame":78,"values":[-1,0,0,0,0,-1,0,0,0,0,-1,0,1.2103,-3.9903,-1.3448,1]},
{"frame":79,"values":[-1,0,0,0,0,-1,0,0,0,0,-1,0,1.2103,-3.9076,-1.5681,1]},
{"frame":80,"values":[-1,0,0,0,0,-1,0,0,0,0,-1,0,1.2103,-3.88,-1.6438,1]},
{"frame":81,"values":[-1,0,0,0,0,-1,0,0,0,0,-1,0,1.2103,-3.88,-1.6438,1]}],"loopBehavior":1,"name":"anim","property":"_matrix"}},
{"name":"Bone_R.003","index":1,"matrix":[-1,0,0,0,0,-1,0,0,0,0,-1,0,-1.2103,-5.1075,1.5057,1],"rest":[-1,0,0,0,0,-1,0,0,0,0,-1,0,-1.2103,-5.2529,0.0036,1],"parentBoneIndex":-1,"length":0.9358
,"animation":{"dataType":3,"framePerSecond":24,"keys":[
{"frame":0,"values":[-1,0,0,0,0,-1,0,0,0,0,-1,0,-1.2103,-5.2529,0.0036,1]},
{"frame":20,"values":[-1,0,0,0,0,-1,0,0,0,0,-1,0,-1.2103,-5.2529,0.0036,1]},
{"frame":30,"values":[-1,0,0,0,0,-1,0,0,0,0,-1,0,-1.2103,-5.2529,0.0036,1]},
{"frame":31,"values":[-1,0,0,0,0,-1,0,0,0,0,-1,0,-1.2103,-5.1767,0.0754,1]},
{"frame":32,"values":[-1,0,0,0,0,-1,0,0,0,0,-1,0,-1.2103,-4.952,0.287,1]},
{"frame":33,"values":[-1,0,0,0,0,-1,0,0,0,0,-1,0,-1.2103,-4.5957,0.6227,1]},
{"frame":34,"values":[-1,0,0,0,0,-1,0,0,0,0,-1,0,-1.2103,-4.1408,1.0522,1]},
{"frame":35,"values":[-1,0,0,0,0,-1,0,0,0,0,-1,0,-1.2103,-3.6358,1.5306,1]},
{"frame":36,"values":[-1,0,0,0,0,-1,0,0,0,0,-1,0,-1.2103,-3.1371,2.0051,1]},
{"frame":37,"values":[-1,0,0,0,0,-1,0,0,0,0,-1,0,-1.2103,-2.6985,2.4246,1]},
{"frame":38,"values":[-1,0,0,0,0,-1,0,0,0,0,-1,0,-1.2103,-2.3618,2.7483,1]},
{"frame":39,"values":[-1,0,0,0,0,-1,0,0,0,0,-1,0,-1.2103,-2.1528,2.9502,1]},
{"frame":40,"values":[-1,0,0,0,0,-1,0,0,0,0,-1,0,-1.2103,-2.0825,3.0183,1]},
{"frame":41,"values":[-1,0,0,0,0,-1,0,0,0,0,-1,0,-1.2103,-2.1125,2.8742,1]},
{"frame":42,"values":[-1,0,0,0,0,-1,0,0,0,0,-1,0,-1.2103,-2.2024,2.4565,1]},
{"frame":43,"values":[-1,0,0,0,0,-1,0,0,0,0,-1,0,-1.2103,-2.3481,1.7986,1]},
{"frame":44,"values":[-1,0,0,0,0,-1,0,0,0,0,-1,0,-1.2103,-2.5381,0.9504,1]},
{"frame":45,"values":[-1,0,0,0,0,-1,0,0,0,0,-1,0,-1.2103,-2.7533,-0.02,1]},
{"frame":46,"values":[-1,0,0,0,0,-1,0,0,0,0,-1,0,-1.2103,-2.9687,-1.0282,1]},
{"frame":47,"values":[-1,0,0,0,0,-1,0,0,0,0,-1,0,-1.2103,-3.1596,-1.9774,1]},
{"frame":48,"values":[-1,0,0,0,0,-1,0,0,0,0,-1,0,-1.2103,-3.3062,-2.7666,1]},
{"frame":49,"values":[-1,0,0,0,0,-1,0,0,0,0,-1,0,-1.2103,-3.3969,-3.2993,1]},
{"frame":50,"values":[-1,0,0,0,0,-1,0,0,0,0,-1,0,-1.2103,-3.4271,-3.4923,1]},
{"frame":61,"values":[-1,0,0,0,0,-1,0,0,0,0,-1,0,-1.2103,-5.1075,1.5057,1]},
{"frame":62,"values":[-1,0,0,0,0,-1,0,0,0,0,-1,0,-1.2103,-5.0734,1.4106,1]},
{"frame":63,"values":[-1,0,0,0,0,-1,0,0,0,0,-1,0,-1.2103,-4.9713,1.1333,1]},
{"frame":64,"values":[-1,0,0,0,0,-1,0,0,0,0,-1,0,-1.2103,-4.8083,0.7023,1]},
{"frame":65,"values":[-1,0,0,0,0,-1,0,0,0,0,-1,0,-1.2103,-4.602,0.1707,1]},
{"frame":66,"values":[-1,0,0,0,0,-1,0,0,0,0,-1,0,-1.2103,-4.3803,-0.3894,1]},
{"frame":67,"values":[-1,0,0,0,0,-1,0,0,0,0,-1,0,-1.2103,-4.1753,-0.9022,1]},
{"frame":68,"values":[-1,0,0,0,0,-1,0,0,0,0,-1,0,-1.2103,-4.0141,-1.3053,1]},
{"frame":69,"values":[-1,0,0,0,0,-1,0,0,0,0,-1,0,-1.2103,-3.9136,-1.5584,1]},
{"frame":70,"values":[-1,0,0,0,0,-1,0,0,0,0,-1,0,-1.2103,-3.88,-1.6438,1]},
{"frame":71,"values":[-1,0,0,0,0,-1,0,0,0,0,-1,0,-1.2103,-3.9072,-1.5745,1]},
{"frame":72,"values":[-1,0,0,0,0,-1,0,0,0,0,-1,0,-1.2103,-3.9889,-1.3679,1]},
{"frame":73,"values":[-1,0,0,0,0,-1,0,0,0,0,-1,0,-1.2103,-4.1215,-1.0344,1]},
{"frame":74,"values":[-1,0,0,0,0,-1,0,0,0,0,-1,0,-1.2103,-4.295,-0.5991,1]},
{"frame":75,"values":[-1,0,0,0,0,-1,0,0,0,0,-1,0,-1.2103,-4.4916,-0.1034,1]},
{"frame":76,"values":[-1,0,0,0,0,-1,0,0,0,0,-1,0,-1.2103,-4.6887,0.3992,1]},
{"frame":77,"values":[-1,0,0,0,0,-1,0,0,0,0,-1,0,-1.2103,-4.8633,0.8521,1]},
{"frame":78,"values":[-1,0,0,0,0,-1,0,0,0,0,-1,0,-1.2103,-4.9973,1.2066,1]},
{"frame":79,"values":[-1,0,0,0,0,-1,0,0,0,0,-1,0,-1.2103,-5.08,1.43,1]},
{"frame":80,"values":[-1,0,0,0,0,-1,0,0,0,0,-1,0,-1.2103,-5.1075,1.5057,1]},
{"frame":81,"values":[-1,0,0,0,0,-1,0,0,0,0,-1,0,-1.2103,-5.1075,1.5057,1]}],"loopBehavior":1,"name":"anim","property":"_matrix"}},
{"name":"Bone","index":2,"matrix":[-1,0,0,0,0,0,-1,0,0,1,0,0,0,-0.0036,1.0036,1],"rest":[-1,0,0,0,0,0,-1,0,0,1,0,0,0,-0.0036,1.0036,1],"parentBoneIndex":-1,"length":1
,"animation":{"dataType":3,"framePerSecond":24,"keys":[
{"frame":0,"values":[-1,0,0,0,0,0,-1,0,0,1,0,0,0,-0.0036,1.0036,1]},
{"frame":1,"values":[-1,0,0,0,0,0,-1,0,0,1,0,0,0,-0.0482,1.0012,1]},
{"frame":2,"values":[-1,0,0,0,0,0,-1,0,0,1,0,0,0,-0.1825,0.9937,1]},
{"frame":3,"values":[-1,0,0,0,0,0,-1,0,0,1,0,0,0,-0.4008,0.9812,1]},
{"frame":4,"values":[-1,0,0,0,0,0,-1,0,0,1,0,0,0,-0.6863,0.964,1]},
{"frame":5,"values":[-1,0,0,0,0,0,-1,0,0,1,0,0,0,-1.0097,0.9434,1]},
{"frame":6,"values":[-1,0,0,0,0,0,-1,0,0,1,0,0,0,-1.3331,0.9208,1]},
{"frame":7,"values":[-1,0,0,0,0,0,-1,0,0,1,0,0,0,-1.6186,0.8983,1]},
{"frame":8,"values":[-1,0,0,0,0,0,-1,0,0,1,0,0,0,-1.8369,0.8773,1]},
{"frame":9,"values":[-1,0,0,0,0,0,-1,0,0,1,0,0,0,-1.9712,0.859,1]},
{"frame":10,"values":[-1,0,0,0,0,0,-1,0,0,1,0,0,0,-2.0158,0.8439,1]},
{"frame":11,"values":[-1,0,0,0,0,0,-1,0,0,1,0,0,0,-1.9652,0.83,1]},
{"frame":12,"values":[-1,0,0,0,0,0,-1,0,0,1,0,0,0,-1.8131,0.8152,1]},
{"frame":13,"values":[-1,0,0,0,0,0,-1,0,0,1,0,0,0,-1.5658,0.7998,1]},
{"frame":14,"values":[-1,0,0,0,0,0,-1,0,0,1,0,0,0,-1.2424,0.7846,1]},
{"frame":15,"values":[-1,0,0,0,0,0,-1,0,0,1,0,0,0,-0.876,0.7704,1]},
{"frame":16,"values":[-1,0,0,0,0,0,-1,0,0,1,0,0,0,-0.5096,0.7581,1]},
{"frame":17,"values":[-1,0,0,0,0,0,-1,0,0,1,0,0,0,-0.1861,0.7483,1]},
{"frame":18,"values":[-1,0,0,0,0,0,-1,0,0,1,0,0,0,0.0612,0.7414,1]},
{"frame":19,"values":[-1,0,0,0,0,0,-1,0,0,1,0,0,0,0.2132,0.7374,1]},
{"frame":20,"values":[-1,0,0,0,0,0,-1,0,0,1,0,0,0,0.2638,0.7361,1]},
{"frame":30,"values":[-1,0,0,0,0,0,-1,0,0,1,0,0,0,-0.0036,1.0036,1]},
{"frame":31,"values":[-1,0,0,0,0,0,-1,0,0,1,0,0,0,-0.0229,1.0049,1]},
{"frame":32,"values":[-1,0,0,0,0,0,-1,0,0,1,0,0,0,-0.0808,1.0089,1]},
{"frame":33,"values":[-1,0,0,0,0,0,-1,0,0,1,0,0,0,-0.1747,1.0156,1]},
{"frame":34,"values":[-1,0,0,0,0,0,-1,0,0,1,0,0,0,-0.2974,1.0247,1]},
{"frame":35,"values":[-1,0,0,0,0,0,-1,0,0,1,0,0,0,-0.4361,1.0357,1]},
{"frame":36,"values":[-1,0,0,0,0,0,-1,0,0,1,0,0,0,-0.5746,1.0477,1]},
{"frame":37,"values":[-1,0,0,0,0,0,-1,0,0,1,0,0,0,-0.6968,1.0597,1]},
{"frame":38,"values":[-1,0,0,0,0,0,-1,0,0,1,0,0,0,-0.7903,1.0708,1]},
{"frame":39,"values":[-1,0,0,0,0,0,-1,0,0,1,0,0,0,-0.8479,1.0806,1]},
{"frame":40,"values":[-1,0,0,0,0,0,-1,0,0,1,0,0,0,-0.867,1.0885,1]},
{"frame":41,"values":[-1,0,0,0,0,0,-1,0,0,1,0,0,0,-0.8447,1.0959,1]},
{"frame":42,"values":[-1,0,0,0,0,0,-1,0,0,1,0,0,0,-0.7778,1.1037,1]},
{"frame":43,"values":[-1,0,0,0,0,0,-1,0,0,1,0,0,0,-0.6691,1.1118,1]},
{"frame":44,"values":[-1,0,0,0,0,0,-1,0,0,1,0,0,0,-0.5269,1.1198,1]},
{"frame":45,"values":[-1,0,0,0,0,0,-1,0,0,1,0,0,0,-0.3657,1.1272,1]},
{"frame":46,"values":[-1,0,0,0,0,0,-1,0,0,1,0,0,0,-0.2043,1.1337,1]},
{"frame":47,"values":[-1,0,0,0,0,0,-1,0,0,1,0,0,0,-0.0615,1.1388,1]},
{"frame":48,"values":[-1,0,0,0,0,0,-1,0,0,1,0,0,0,0.048,1.1424,1]},
{"frame":49,"values":[-1,0,0,0,0,0,-1,0,0,1,0,0,0,0.1154,1.1445,1]},
{"frame":50,"values":[-1,0,0,0,0,0,-1,0,0,1,0,0,0,0.1379,1.1452,1]},
{"frame":61,"values":[-1,0,0,0,0,0,-1,0,0,1,0,0,0,-0.0036,1.0036,1]},
{"frame":81,"values":[-1,0,0,0,0,0,-1,0,0,1,0,0,0,-0.0036,1.0036,1]}],"loopBehavior":1,"name":"anim","property":"_matrix"}},
{"name":"Bone.001","index":3,"matrix":[1,0,0,0,0,0.3311,0.9436,0,0,-0.9436,0.3311,0,0,1,0,1],"rest":[1,0,0,0,0,0,1,0,0,-1,0,0,0,1,0,1],"parentBoneIndex":2,"length":0.8189
,"animation":{"dataType":3,"framePerSecond":24,"keys":[
{"frame":0,"values":[1,0,0,0,0,0,1,0,0,-1,0,0,0,1,0,1]},
{"frame":20,"values":[1,0,0,0,0,0,1,0,0,-1,0,0,0,1,0,1]},
{"frame":30,"values":[1,0,0,0,0,0,1,0,0,-1,0,0,0,1,0,1]},
{"frame":50,"values":[1,0,0,0,0,0,1,0,0,-1,0,0,0,1,0,1]},
{"frame":61,"values":[1,0,0,0,0,0.3311,0.9436,0,0,-0.9436,0.3311,0,0,1,0,1]},
{"frame":81,"values":[1,0,0,0,0,0.3311,0.9436,0,0,-0.9436,0.3311,0,0,1,0,1]}],"loopBehavior":1,"name":"anim","property":"_matrix"}},
{"name":"Bone.002","index":4,"matrix":[1,0,0,0,0,1,0,0,0,0,1,0,0,0.8189,0,1],"rest":[1,0,0,0,0,1,0,0,0,0,1,0,0,0.8189,0,1],"parentBoneIndex":3,"length":0.9693
,"animation":{"dataType":3,"framePerSecond":24,"keys":[
{"frame":0,"values":[1,0,0,0,0,1,0,0,0,0,1,0,0,0.8189,0,1]},
{"frame":20,"values":[1,0,0,0,0,1,0,0,0,0,1,0,0,0.8189,0,1]},
{"frame":30,"values":[1,0,0,0,0,1,0,0,0,0,1,0,0,0.8189,0,1]},
{"frame":41,"values":[0.9999,0,0.015,0,0,1,0,0,-0.015,0,0.9999,0,0,0.8189,0,1]},
{"frame":42,"values":[0.9982,0,0.0602,0,0,1,0,0,-0.0602,0,0.9982,0,0,0.8189,0,1]},
{"frame":43,"values":[0.991,0,0.134,0,0,1,0,0,-0.134,0,0.991,0,0,0.8189,0,1]},
{"frame":44,"values":[0.9732,0,0.2301,0,0,1,0,0,-0.2301,0,0.9732,0,0,0.8189,0,1]},
{"frame":45,"values":[0.9415,0,0.337,0,0,1,0,0,-0.337,0,0.9415,0,0,0.8189,0,1]},
{"frame":46,"values":[0.8982,0,0.4396,0,0,1,0,0,-0.4396,0,0.8982,0,0,0.8189,0,1]},
{"frame":47,"values":[0.8509,0,0.5253,0,0,1,0,0,-0.5253,0,0.8509,0,0,0.8189,0,1]},
{"frame":48,"values":[0.8096,0,0.5869,0,0,1,0,0,-0.5869,0,0.8096,0,0,0.8189,0,1]},
{"frame":49,"values":[0.7823,0,0.623,0,0,1,0,0,-0.623,0,0.7823,0,0,0.8189,0,1]},
{"frame":50,"values":[0.7728,0,0.6346,0,0,1,0,0,-0.6346,0,0.7728,0,0,0.8189,0,1]},
{"frame":61,"values":[1,0,0,0,0,1,0,0,0,0,1,0,0,0.8189,0,1]},
{"frame":81,"values":[1,0,0,0,0,1,0,0,0,0,1,0,0,0.8189,0,1]}],"loopBehavior":1,"name":"anim","property":"_matrix"}},
{"name":"Bone.003","index":5,"matrix":[1,0,0,0,0,1,0,0,0,0,1,0,0,0.9693,0,1],"rest":[1,0,0,0,0,1,0,0,0,0,1,0,0,0.9693,0,1],"parentBoneIndex":4,"length":0.7397
,"animation":{"dataType":3,"framePerSecond":24,"keys":[
{"frame":0,"values":[1,0,0,0,0,1,0,0,0,0,1,0,0,0.9693,0,1]},
{"frame":20,"values":[1,0,0,0,0,1,0,0,0,0,1,0,0,0.9693,0,1]},
{"frame":30,"values":[1,0,0,0,0,1,0,0,0,0,1,0,0,0.9693,0,1]},
{"frame":50,"values":[1,0,0,0,0,1,0,0,0,0,1,0,0,0.9693,0,1]},
{"frame":61,"values":[1,0,0,0,0,1,0,0,0,0,1,0,0,0.9693,0,1]},
{"frame":81,"values":[1,0,0,0,0,1,0,0,0,0,1,0,0,0.9693,0,1]}],"loopBehavior":1,"name":"anim","property":"_matrix"}},
{"name":"Bone.004","index":6,"matrix":[1,0,0,0,0,1,0,0,0,0,1,0,0,0.7397,0,1],"rest":[1,0,0,0,0,1,0,0,0,0,1,0,0,0.7397,0,1],"parentBoneIndex":5,"length":1.4373
,"animation":{"dataType":3,"framePerSecond":24,"keys":[
{"frame":0,"values":[1,0,0,0,0,1,0,0,0,0,1,0,0,0.7397,0,1]},
{"frame":20,"values":[1,0,0,0,0,1,0,0,0,0,1,0,0,0.7397,0,1]},
{"frame":30,"values":[1,0,0,0,0,1,0,0,0,0,1,0,0,0.7397,0,1]},
{"frame":41,"values":[0.9999,0,-0.0155,0,0,1,0,0,0.0155,0,0.9999,0,0,0.7397,0,1]},
{"frame":42,"values":[0.998,0,-0.0624,0,0,1,0,0,0.0624,0,0.998,0,0,0.7397,0,1]},
{"frame":43,"values":[0.9903,0,-0.1391,0,0,1,0,0,0.1391,0,0.9903,0,0,0.7397,0,1]},
{"frame":44,"values":[0.9711,0,-0.2389,0,0,1,0,0,0.2389,0,0.9711,0,0,0.7397,0,1]},
{"frame":45,"values":[0.9369,0,-0.3495,0,0,1,0,0,0.3495,0,0.9369,0,0,0.7397,0,1]},
{"frame":46,"values":[0.8902,0,-0.4556,0,0,1,0,0,0.4556,0,0.8902,0,0,0.7397,0,1]},
{"frame":47,"values":[0.8393,0,-0.5436,0,0,1,0,0,0.5436,0,0.8393,0,0,0.7397,0,1]},
{"frame":48,"values":[0.795,0,-0.6066,0,0,1,0,0,0.6066,0,0.795,0,0,0.7397,0,1]},
{"frame":49,"values":[0.7656,0,-0.6433,0,0,1,0,0,0.6433,0,0.7656,0,0,0.7397,0,1]},
{"frame":50,"values":[0.7555,0,-0.6551,0,0,1,0,0,0.6551,0,0.7555,0,0,0.7397,0,1]},
{"frame":61,"values":[1,0,0,0,0,1,0,0,0,0,1,0,0,0.7397,0,1]},
{"frame":81,"values":[1,0,0,0,0,1,0,0,0,0,1,0,0,0.7397,0,1]}],"loopBehavior":1,"name":"anim","property":"_matrix"}},
{"name":"Bone.002_L","index":7,"matrix":[0.0254,-0.9997,0,0,-0.9997,-0.0254,0,0,0,0,-1,0,0,0.9693,0,1],"rest":[0.0254,-0.9997,0,0,-0.9997,-0.0254,0,0,0,0,-1,0,0,0.9693,0,1],"parentBoneIndex":4,"length":1.1295
,"animation":{"dataType":3,"framePerSecond":24,"keys":[
{"frame":0,"values":[0.0254,-0.9997,0,0,-0.9997,-0.0254,0,0,0,0,-1,0,0,0.9693,0,1]},
{"frame":20,"values":[0.0254,-0.9997,0,0,-0.9997,-0.0254,0,0,0,0,-1,0,0,0.9693,0,1]},
{"frame":30,"values":[0.0254,-0.9997,0,0,-0.9997,-0.0254,0,0,0,0,-1,0,0,0.9693,0,1]},
{"frame":50,"values":[0.0254,-0.9997,0,0,-0.9997,-0.0254,0,0,0,0,-1,0,0,0.9693,0,1]},
{"frame":61,"values":[0.0254,-0.9997,0,0,-0.9997,-0.0254,0,0,0,0,-1,0,0,0.9693,0,1]},
{"frame":81,"values":[0.0254,-0.9997,0,0,-0.9997,-0.0254,0,0,0,0,-1,0,0,0.9693,0,1]}],"loopBehavior":1,"name":"anim","property":"_matrix"}},
{"name":"Bone.002_L.001","index":8,"matrix":[0.2584,0.8604,0.4392,0,0.4358,0.3019,-0.8479,0,-0.8621,0.4105,-0.297,0,0,1.1295,0,1],"rest":[-0.5992,0.6091,0.5195,0,0.4473,0.7929,-0.4138,0,-0.664,-0.0155,-0.7476,0,0,1.1295,0,1],"parentBoneIndex":7,"length":1.418
,"animation":{"dataType":3,"framePerSecond":24,"keys":[
{"frame":0,"values":[-0.5992,0.6091,0.5195,0,0.4473,0.7929,-0.4138,0,-0.664,-0.0155,-0.7476,0,0,1.1295,0,1]},
{"frame":1,"values":[-0.6113,0.597,0.5195,0,0.4313,0.8017,-0.4138,0,-0.6635,-0.0288,-0.7476,0,0,1.1295,0,1]},
{"frame":2,"values":[-0.6464,0.5588,0.5195,0,0.3818,0.8264,-0.4138,0,-0.6606,-0.0691,-0.7476,0,0,1.1295,0,1]},
{"frame":3,"values":[-0.6991,0.4912,0.5195,0,0.2971,0.8605,-0.4138,0,-0.6503,-0.1349,-0.7476,0,0,1.1295,0,1]},
{"frame":4,"values":[-0.7582,0.3939,0.5195,0,0.1801,0.8924,-0.4138,0,-0.6266,-0.2202,-0.7476,0,0,1.1295,0,1]},
{"frame":5,"values":[-0.8093,0.274,0.5195,0,0.0423,0.9094,-0.4138,0,-0.5858,-0.3129,-0.7476,0,0,1.1295,0,1]},
{"frame":6,"values":[-0.8416,0.1477,0.5195,0,-0.0966,0.9052,-0.4138,0,-0.5314,-0.3984,-0.7476,0,0,1.1295,0,1]},
{"frame":7,"values":[-0.8538,0.0345,0.5195,0,-0.2161,0.8844,-0.4138,0,-0.4737,-0.4655,-0.7476,0,0,1.1295,0,1]},
{"frame":8,"values":[-0.8529,-0.0512,0.5195,0,-0.3036,0.8583,-0.4138,0,-0.4247,-0.5106,-0.7476,0,0,1.1295,0,1]},
{"frame":9,"values":[-0.8482,-0.1029,0.5195,0,-0.3551,0.8383,-0.4138,0,-0.3929,-0.5355,-0.7476,0,0,1.1295,0,1]},
{"frame":10,"values":[-0.846,-0.1199,0.5195,0,-0.3719,0.831,-0.4138,0,-0.3821,-0.5432,-0.7476,0,0,1.1295,0,1]},
{"frame":11,"values":[-0.8493,-0.0938,0.5195,0,-0.3461,0.842,-0.4138,0,-0.3986,-0.5312,-0.7476,0,0,1.1295,0,1]},
{"frame":12,"values":[-0.8543,-0.0132,0.5195,0,-0.265,0.8709,-0.4138,0,-0.447,-0.4912,-0.7476,0,0,1.1295,0,1]},
{"frame":13,"values":[-0.8455,0.1233,0.5195,0,-0.1227,0.9021,-0.4138,0,-0.5197,-0.4136,-0.7476,0,0,1.1295,0,1]},
{"frame":14,"values":[-0.7986,0.3039,0.5195,0,0.0761,0.9072,-0.4138,0,-0.5971,-0.2909,-0.7476,0,0,1.1295,0,1]},
{"frame":15,"values":[-0.6959,0.4958,0.5195,0,0.3027,0.8586,-0.4138,0,-0.6512,-0.1307,-0.7476,0,0,1.1295,0,1]},
{"frame":16,"values":[-0.5481,0.6555,0.5195,0,0.5098,0.7543,-0.4138,0,-0.6631,0.038,-0.7476,0,0,1.1295,0,1]},
{"frame":17,"values":[-0.3927,0.7589,0.5195,0,0.6614,0.6256,-0.4138,0,-0.639,0.1811,-0.7476,0,0,1.1295,0,1]},
{"frame":18,"values":[-0.2666,0.8118,0.5195,0,0.7527,0.5121,-0.4138,0,-0.6019,0.2807,-0.7476,0,0,1.1295,0,1]},
{"frame":19,"values":[-0.1887,0.8333,0.5195,0,0.7977,0.4386,-0.4138,0,-0.5727,0.3364,-0.7476,0,0,1.1295,0,1]},
{"frame":20,"values":[-0.1631,0.8387,0.5195,0,0.8108,0.4139,-0.4138,0,-0.5621,0.3538,-0.7476,0,0,1.1295,0,1]},
{"frame":30,"values":[-0.5992,0.6091,0.5195,0,0.4473,0.7929,-0.4138,0,-0.664,-0.0155,-0.7476,0,0,1.1295,0,1]},
{"frame":31,"values":[-0.6075,0.6028,0.5172,0,0.4364,0.7974,-0.4167,0,-0.6636,-0.0274,-0.7476,0,0,1.1295,0,1]},
{"frame":32,"values":[-0.6325,0.5822,0.5109,0,0.4029,0.8106,-0.425,0,-0.6616,-0.063,-0.7472,0,0,1.1295,0,1]},
{"frame":33,"values":[-0.6719,0.5448,0.5018,0,0.3458,0.8299,-0.4379,0,-0.6549,-0.1207,-0.746,0,0,1.1295,0,1]},
{"frame":34,"values":[-0.7206,0.4883,0.4923,0,0.2669,0.8506,-0.4531,0,-0.64,-0.1951,-0.7432,0,0,1.1295,0,1]},
{"frame":35,"values":[-0.7705,0.4136,0.4851,0,0.1712,0.8673,-0.4674,0,-0.6141,-0.2771,-0.739,0,0,1.1295,0,1]},
{"frame":36,"values":[-0.8133,0.3251,0.4826,0,0.0672,0.8763,-0.477,0,-0.578,-0.3555,-0.7345,0,0,1.1295,0,1]},
{"frame":37,"values":[-0.8433,0.2303,0.4856,0,-0.0358,0.8775,-0.4782,0,-0.5363,-0.4207,-0.7317,0,0,1.1295,0,1]},
{"frame":38,"values":[-0.8588,0.1366,0.4937,0,-0.1305,0.8736,-0.4687,0,-0.4953,-0.467,-0.7325,0,0,1.1295,0,1]},
{"frame":39,"values":[-0.8614,0.0491,0.5055,0,-0.213,0.8686,-0.4474,0,-0.461,-0.4931,-0.7378,0,0,1.1295,0,1]},
{"frame":40,"values":[-0.8539,-0.0298,0.5195,0,-0.282,0.8656,-0.4138,0,-0.4374,-0.4998,-0.7476,0,0,1.1295,0,1]},
{"frame":41,"values":[-0.8409,-0.1134,0.5291,0,-0.3365,0.8754,-0.3471,0,-0.4238,-0.47,-0.7743,0,0,1.1295,0,1]},
{"frame":42,"values":[-0.8257,-0.2167,0.5209,0,-0.3756,0.9,-0.2209,0,-0.4209,-0.3781,-0.8246,0,0,1.1295,0,1]},
{"frame":43,"values":[-0.8104,-0.3359,0.48,0,-0.397,0.9174,-0.0283,0,-0.4309,-0.2135,-0.8768,0,0,1.1295,0,1]},
{"frame":44,"values":[-0.7994,-0.4537,0.3938,0,-0.397,0.8909,0.2205,0,-0.4509,0.02,-0.8923,0,0,1.1295,0,1]},
{"frame":45,"values":[-0.7973,-0.5415,0.2665,0,-0.3759,0.7911,0.4825,0,-0.4721,0.2845,-0.8344,0,0,1.1295,0,1]},
{"frame":46,"values":[-0.8049,-0.5796,0.1269,0,-0.3426,0.6287,0.6982,0,-0.4845,0.5185,-0.7046,0,0,1.1295,0,1]},
{"frame":47,"values":[-0.8178,-0.5755,0.009,0,-0.3093,0.4527,0.8363,0,-0.4853,0.6811,-0.5482,0,0,1.1295,0,1]},
{"frame":48,"values":[-0.8301,-0.553,-0.0711,0,-0.2843,0.3102,0.9072,0,-0.4796,0.7733,-0.4147,0,0,1.1295,0,1]},
{"frame":49,"values":[-0.8384,-0.5328,-0.1145,0,-0.2696,0.2229,0.9368,0,-0.4736,0.8163,-0.3306,0,0,1.1295,0,1]},
{"frame":50,"values":[-0.8413,-0.5252,-0.1279,0,-0.2649,0.1944,0.9445,0,-0.4712,0.8285,-0.3026,0,0,1.1295,0,1]},
{"frame":61,"values":[0.2584,0.8604,0.4392,0,0.4358,0.3019,-0.8479,0,-0.8621,0.4105,-0.297,0,0,1.1295,0,1]},
{"frame":62,"values":[0.2398,0.859,0.4522,0,0.4749,0.3025,-0.8264,0,-0.8467,0.413,-0.3354,0,0,1.1295,0,1]},
{"frame":63,"values":[0.178,0.8548,0.4874,0,0.5904,0.3035,-0.7478,0,-0.7872,0.4209,-0.4507,0,0,1.1295,0,1]},
{"frame":64,"values":[0.0611,0.8482,0.5261,0,0.7597,0.3024,-0.5757,0,-0.6474,0.4349,-0.6259,0,0,1.1295,0,1]},
{"frame":65,"values":[-0.1075,0.8411,0.5301,0,0.9126,0.2951,-0.2831,0,-0.3945,0.4533,-0.7993,0,0,1.1295,0,1]},
{"frame":66,"values":[-0.2846,0.8367,0.4679,0,0.9566,0.28,0.081,0,-0.0633,0.4706,-0.8801,0,0,1.1295,0,1]},
{"frame":67,"values":[-0.4137,0.8364,0.3595,0,0.878,0.2621,0.4005,0,0.2408,0.4814,-0.8428,0,0,1.1295,0,1]},
{"frame":68,"values":[-0.4809,0.8384,0.2565,0,0.7552,0.2476,0.6069,0,0.4454,0.4856,-0.7522,0,0,1.1295,0,1]},
{"frame":69,"values":[-0.5074,0.8404,0.1905,0,0.6623,0.239,0.7101,0,0.5512,0.4865,-0.6779,0,0,1.1295,0,1]},
{"frame":70,"values":[-0.5139,0.8411,0.1687,0,0.6297,0.2363,0.74,0,0.5826,0.4865,-0.6511,0,0,1.1295,0,1]},
{"frame":71,"values":[-0.5088,0.8405,0.1863,0,0.6562,0.2385,0.7159,0,0.5573,0.4865,-0.6728,0,0,1.1295,0,1]},
{"frame":72,"values":[-0.4887,0.8389,0.2398,0,0.7327,0.2454,0.6348,0,0.4736,0.4859,-0.7345,0,0,1.1295,0,1]},
{"frame":73,"values":[-0.4397,0.8369,0.326,0,0.8416,0.2572,0.4749,0,0.3136,0.4832,-0.8174,0,0,1.1295,0,1]},
{"frame":74,"values":[-0.344,0.8361,0.4273,0,0.9366,0.2729,0.22,0,0.0674,0.4758,-0.877,0,0,1.1295,0,1]},
{"frame":75,"values":[-0.1989,0.8384,0.5075,0,0.9519,0.2884,-0.1033,0,-0.233,0.4625,-0.8555,0,0,1.1295,0,1]},
{"frame":76,"values":[-0.0356,0.8438,0.5355,0,0.8598,0.299,-0.414,0,-0.5095,0.4456,-0.7361,0,0,1.1295,0,1]},
{"frame":77,"values":[0.1024,0.8504,0.5161,0,0.7063,0.3032,-0.6397,0,-0.7005,0.43,-0.5695,0,0,1.1295,0,1]},
{"frame":78,"values":[0.1944,0.8559,0.4792,0,0.5617,0.3034,-0.7697,0,-0.8042,0.4188,-0.4218,0,0,1.1295,0,1]},
{"frame":79,"values":[0.2435,0.8593,0.4498,0,0.4674,0.3024,-0.8307,0,-0.8498,0.4125,-0.3281,0,0,1.1295,0,1]},
{"frame":80,"values":[0.2584,0.8604,0.4392,0,0.4358,0.3019,-0.8479,0,-0.8621,0.4105,-0.297,0,0,1.1295,0,1]},
{"frame":81,"values":[0.2584,0.8604,0.4392,0,0.4358,0.3019,-0.8479,0,-0.8621,0.4105,-0.297,0,0,1.1295,0,1]}],"loopBehavior":1,"name":"anim","property":"_matrix"}},
{"name":"Bone.002_L.002","index":9,"matrix":[-0.4377,-0.4034,-0.8036,0,0.429,0.6917,-0.5809,0,0.7902,-0.599,-0.1297,0,0,1.418,0,1],"rest":[-0.4377,-0.4034,-0.8036,0,0.429,0.6917,-0.5809,0,0.7902,-0.599,-0.1297,0,0,1.418,0,1],"parentBoneIndex":8,"length":1.7347
,"animation":{"dataType":3,"framePerSecond":24,"keys":[
{"frame":0,"values":[-0.4377,-0.4034,-0.8036,0,0.429,0.6917,-0.5809,0,0.7902,-0.599,-0.1297,0,0,1.418,0,1]},
{"frame":20,"values":[-0.4377,-0.4034,-0.8036,0,0.429,0.6917,-0.5809,0,0.7902,-0.599,-0.1297,0,0,1.418,0,1]},
{"frame":30,"values":[-0.4377,-0.4034,-0.8036,0,0.429,0.6917,-0.5809,0,0.7902,-0.599,-0.1297,0,0,1.418,0,1]},
{"frame":50,"values":[-0.4377,-0.4034,-0.8036,0,0.429,0.6917,-0.5809,0,0.7902,-0.599,-0.1297,0,0,1.418,0,1]},
{"frame":61,"values":[-0.4377,-0.4034,-0.8036,0,0.429,0.6917,-0.5809,0,0.7902,-0.599,-0.1297,0,0,1.418,0,1]},
{"frame":81,"values":[-0.4377,-0.4034,-0.8036,0,0.429,0.6917,-0.5809,0,0.7902,-0.599,-0.1297,0,0,1.418,0,1]}],"loopBehavior":1,"name":"anim","property":"_matrix"}},
{"name":"Bone.002_R","index":10,"matrix":[-0.0254,-0.9997,0,0,0.9997,-0.0254,0,0,0,0,1,0,0,0.9693,0,1],"rest":[-0.0254,-0.9997,0,0,0.9997,-0.0254,0,0,0,0,1,0,0,0.9693,0,1],"parentBoneIndex":4,"length":1.1295
,"animation":{"dataType":3,"framePerSecond":24,"keys":[
{"frame":0,"values":[-0.0254,-0.9997,0,0,0.9997,-0.0254,0,0,0,0,1,0,0,0.9693,0,1]},
{"frame":20,"values":[-0.0254,-0.9997,0,0,0.9997,-0.0254,0,0,0,0,1,0,0,0.9693,0,1]},
{"frame":30,"values":[-0.0254,-0.9997,0,0,0.9997,-0.0254,0,0,0,0,1,0,0,0.9693,0,1]},
{"frame":50,"values":[-0.0254,-0.9997,0,0,0.9997,-0.0254,0,0,0,0,1,0,0,0.9693,0,1]},
{"frame":61,"values":[-0.0254,-0.9997,0,0,0.9997,-0.0254,0,0,0,0,1,0,0,0.9693,0,1]},
{"frame":81,"values":[-0.0254,-0.9997,0,0,0.9997,-0.0254,0,0,0,0,1,0,0,0.9693,0,1]}],"loopBehavior":1,"name":"anim","property":"_matrix"}},
{"name":"Bone.002_R.001","index":11,"matrix":[0.5139,-0.8411,0.1687,0,0.6297,0.2363,-0.74,0,0.5826,0.4865,0.6511,0,0,1.1295,0,1],"rest":[0.5992,-0.6091,0.5195,0,0.4473,0.7929,0.4138,0,-0.664,-0.0155,0.7476,0,0,1.1295,0,1],"parentBoneIndex":10,"length":1.418
,"animation":{"dataType":3,"framePerSecond":24,"keys":[
{"frame":0,"values":[0.5992,-0.6091,0.5195,0,0.4473,0.7929,0.4138,0,-0.664,-0.0155,0.7476,0,0,1.1295,0,1]},
{"frame":1,"values":[0.6129,-0.5953,0.5195,0,0.4291,0.8029,0.4138,0,-0.6635,-0.0307,0.7476,0,0,1.1295,0,1]},
{"frame":2,"values":[0.6528,-0.5513,0.5195,0,0.3723,0.8308,0.4138,0,-0.6597,-0.0767,0.7476,0,0,1.1295,0,1]},
{"frame":3,"values":[0.7119,-0.4725,0.5195,0,0.2742,0.8681,0.4138,0,-0.6465,-0.1521,0.7476,0,0,1.1295,0,1]},
{"frame":4,"values":[0.776,-0.3576,0.5195,0,0.1377,0.8999,0.4138,0,-0.6155,-0.2495,0.7476,0,0,1.1295,0,1]},
{"frame":5,"values":[0.8269,-0.2153,0.5195,0,-0.023,0.9101,0.4138,0,-0.5619,-0.3541,0.7476,0,0,1.1295,0,1]},
{"frame":6,"values":[0.8519,-0.0663,0.5195,0,-0.1829,0.8918,0.4138,0,-0.4908,-0.4475,0.7476,0,0,1.1295,0,1]},
{"frame":7,"values":[0.852,0.0653,0.5195,0,-0.3177,0.8532,0.4138,0,-0.4162,-0.5176,0.7476,0,0,1.1295,0,1]},
{"frame":8,"values":[0.8388,0.1628,0.5195,0,-0.4137,0.8109,0.4138,0,-0.3539,-0.562,0.7476,0,0,1.1295,0,1]},
{"frame":9,"values":[0.8255,0.2207,0.5195,0,-0.469,0.7802,0.4138,0,-0.314,-0.5852,0.7476,0,0,1.1295,0,1]},
{"frame":10,"values":[0.8202,0.2395,0.5195,0,-0.4867,0.7693,0.4138,0,-0.3006,-0.5923,0.7476,0,0,1.1295,0,1]},
{"frame":11,"values":[0.8279,0.2114,0.5195,0,-0.4602,0.7855,0.4138,0,-0.3206,-0.5817,0.7476,0,0,1.1295,0,1]},
{"frame":12,"values":[0.8456,0.1227,0.5195,0,-0.3747,0.8297,0.4138,0,-0.3803,-0.5445,0.7476,0,0,1.1295,0,1]},
{"frame":13,"values":[0.8539,-0.0318,0.5195,0,-0.2189,0.8837,0.4138,0,-0.4722,-0.467,0.7476,0,0,1.1295,0,1]},
{"frame":14,"values":[0.8191,-0.2432,0.5195,0,0.0078,0.9103,0.4138,0,-0.5736,-0.3349,0.7476,0,0,1.1295,0,1]},
{"frame":15,"values":[0.7125,-0.4716,0.5195,0,0.2731,0.8684,0.4138,0,-0.6463,-0.1529,0.7476,0,0,1.1295,0,1]},
{"frame":16,"values":[0.5439,-0.659,0.5195,0,0.5147,0.7509,0.4138,0,-0.6628,0.0424,0.7476,0,0,1.1295,0,1]},
{"frame":17,"values":[0.3628,-0.7736,0.5195,0,0.6853,0.5993,0.4138,0,-0.6314,0.2059,0.7476,0,0,1.1295,0,1]},
{"frame":18,"values":[0.2174,-0.8263,0.5195,0,0.7821,0.4659,0.4138,0,-0.584,0.3164,0.7476,0,0,1.1295,0,1]},
{"frame":19,"values":[0.1289,-0.8447,0.5195,0,0.827,0.3807,0.4138,0,-0.5473,0.3763,0.7476,0,0,1.1295,0,1]},
{"frame":20,"values":[0.1,-0.8486,0.5195,0,0.8395,0.3522,0.4138,0,-0.5341,0.3948,0.7476,0,0,1.1295,0,1]},
{"frame":30,"values":[0.5992,-0.6091,0.5195,0,0.4473,0.7929,0.4138,0,-0.664,-0.0155,0.7476,0,0,1.1295,0,1]},
{"frame":31,"values":[0.588,-0.6179,0.522,0,0.4531,0.7862,0.4202,0,-0.67,-0.0106,0.7423,0,0,1.1295,0,1]},
{"frame":32,"values":[0.5531,-0.6436,0.529,0,0.4697,0.7654,0.4401,0,-0.6881,0.005,0.7256,0,0,1.1295,0,1]},
{"frame":33,"values":[0.4926,-0.6835,0.5387,0,0.4937,0.7293,0.4737,0,-0.7166,0.0326,0.6967,0,0,1.1295,0,1]},
{"frame":34,"values":[0.4069,-0.7311,0.5476,0,0.5191,0.6783,0.52,0,-0.7516,0.0727,0.6556,0,0,1.1295,0,1]},
{"frame":35,"values":[0.3011,-0.7779,0.5516,0,0.5382,0.6161,0.5751,0,-0.7872,0.1237,0.6042,0,0,1.1295,0,1]},
{"frame":36,"values":[0.1858,-0.8153,0.5484,0,0.5447,0.5499,0.6331,0,-0.8178,0.1811,0.5463,0,0,1.1295,0,1]},
{"frame":37,"values":[0.0742,-0.8393,0.5386,0,0.5369,0.4888,0.6877,0,-0.8404,0.2381,0.4869,0,0,1.1295,0,1]},
{"frame":38,"values":[-0.0225,-0.8503,0.5258,0,0.517,0.4402,0.7341,0,-0.8557,0.2883,0.4298,0,0,1.1295,0,1]},
{"frame":39,"values":[-0.098,-0.8521,0.5142,0,0.4898,0.4085,0.7702,0,-0.8663,0.3273,0.3773,0,0,1.1295,0,1]},
{"frame":40,"values":[-0.1504,-0.8485,0.5074,0,0.4593,0.3945,0.7959,0,-0.8754,0.3528,0.3303,0,0,1.1295,0,1]},
{"frame":41,"values":[-0.1911,-0.8437,0.5016,0,0.4236,0.3901,0.8176,0,-0.8855,0.3687,0.2828,0,0,1.1295,0,1]},
{"frame":42,"values":[-0.2299,-0.8404,0.4908,0,0.3785,0.3874,0.8406,0,-0.8966,0.3791,0.229,0,0,1.1295,0,1]},
{"frame":43,"values":[-0.2657,-0.8388,0.4752,0,0.3252,0.386,0.8633,0,-0.9076,0.3839,0.1702,0,0,1.1295,0,1]},
{"frame":44,"values":[-0.2967,-0.8392,0.4557,0,0.2662,0.3856,0.8834,0,-0.9171,0.3834,0.109,0,0,1.1295,0,1]},
{"frame":45,"values":[-0.3218,-0.8413,0.4343,0,0.2059,0.3855,0.8994,0,-0.9241,0.3789,0.0492,0,0,1.1295,0,1]},
{"frame":46,"values":[-0.3403,-0.8445,0.4134,0,0.1497,0.3854,0.9105,0,-0.9283,0.3718,-0.0047,0,0,1.1295,0,1]},
{"frame":47,"values":[-0.3527,-0.8481,0.3954,0,0.1026,0.385,0.9172,0,-0.9301,0.3641,-0.0488,0,0,1.1295,0,1]},
{"frame":48,"values":[-0.36,-0.8511,0.382,0,0.0679,0.3845,0.9206,0,-0.9305,0.3574,-0.0806,0,0,1.1295,0,1]},
{"frame":49,"values":[-0.3636,-0.8532,0.374,0,0.0473,0.384,0.9221,0,-0.9304,0.353,-0.0993,0,0,1.1295,0,1]},
{"frame":50,"values":[-0.3646,-0.8539,0.3714,0,0.0406,0.3839,0.9225,0,-0.9303,0.3514,-0.1053,0,0,1.1295,0,1]},
{"frame":61,"values":[0.5139,-0.8411,0.1687,0,0.6297,0.2363,-0.74,0,0.5826,0.4865,0.6511,0,0,1.1295,0,1]},
{"frame":62,"values":[0.5075,-0.8403,0.1905,0,0.6624,0.2391,-0.7099,0,0.5511,0.4865,0.678,0,0,1.1295,0,1]},
{"frame":63,"values":[0.4809,-0.8384,0.2566,0,0.7556,0.2479,-0.6063,0,0.4447,0.4855,0.7527,0,0,1.1295,0,1]},
{"frame":64,"values":[0.4135,-0.8363,0.3599,0,0.8785,0.2627,-0.3991,0,0.2393,0.4812,0.8433,0,0,1.1295,0,1]},
{"frame":65,"values":[0.2841,-0.8367,0.4682,0,0.9565,0.2808,-0.0787,0,-0.0656,0.4702,0.8801,0,0,1.1295,0,1]},
{"frame":66,"values":[0.1069,-0.8412,0.5301,0,0.9117,0.2957,0.2854,0,-0.3968,0.4528,0.7985,0,0,1.1295,0,1]},
{"frame":67,"values":[-0.0615,-0.8483,0.5259,0,0.7585,0.3028,0.577,0,-0.6487,0.4344,0.6249,0,0,1.1295,0,1]},
{"frame":68,"values":[-0.1781,-0.8549,0.4872,0,0.5897,0.3036,0.7484,0,-0.7877,0.4206,0.45,0,0,1.1295,0,1]},
{"frame":69,"values":[-0.2399,-0.8591,0.4522,0,0.4747,0.3025,0.8265,0,-0.8468,0.4129,0.3352,0,0,1.1295,0,1]},
{"frame":70,"values":[-0.2584,-0.8604,0.4392,0,0.4358,0.3019,0.8479,0,-0.8621,0.4105,0.297,0,0,1.1295,0,1]},
{"frame":71,"values":[-0.2435,-0.8593,0.4497,0,0.4673,0.3024,0.8308,0,-0.8499,0.4124,0.3279,0,0,1.1295,0,1]},
{"frame":72,"values":[-0.1945,-0.856,0.4791,0,0.5611,0.3035,0.7701,0,-0.8045,0.4186,0.4213,0,0,1.1295,0,1]},
{"frame":73,"values":[-0.1027,-0.8505,0.5159,0,0.7054,0.3035,0.6406,0,-0.7014,0.4297,0.5687,0,0,1.1295,0,1]},
{"frame":74,"values":[0.0352,-0.8439,0.5354,0,0.8588,0.2994,0.4156,0,-0.511,0.4452,0.7353,0,0,1.1295,0,1]},
{"frame":75,"values":[0.1985,-0.8384,0.5076,0,0.9515,0.289,0.1052,0,-0.2349,0.4621,0.8551,0,0,1.1295,0,1]},
{"frame":76,"values":[0.3437,-0.8361,0.4275,0,0.9368,0.2734,-0.2184,0,0.0657,0.4756,0.8772,0,0,1.1295,0,1]},
{"frame":77,"values":[0.4396,-0.8368,0.3262,0,0.842,0.2576,-0.4739,0,0.3126,0.4831,0.8179,0,0,1.1295,0,1]},
{"frame":78,"values":[0.4887,-0.8388,0.2399,0,0.733,0.2456,-0.6344,0,0.4732,0.4859,0.7348,0,0,1.1295,0,1]},
{"frame":79,"values":[0.5088,-0.8405,0.1863,0,0.6562,0.2385,-0.7159,0,0.5572,0.4865,0.6729,0,0,1.1295,0,1]},
{"frame":80,"values":[0.5139,-0.8411,0.1687,0,0.6297,0.2363,-0.74,0,0.5826,0.4865,0.6511,0,0,1.1295,0,1]},
{"frame":81,"values":[0.5139,-0.8411,0.1687,0,0.6297,0.2363,-0.74,0,0.5826,0.4865,0.6511,0,0,1.1295,0,1]}],"loopBehavior":1,"name":"anim","property":"_matrix"}},
{"name":"Bone.002_R.002","index":12,"matrix":[-0.4377,0.4034,0.8036,0,-0.429,0.6917,-0.5809,0,-0.7902,-0.599,-0.1297,0,0,1.418,0,1],"rest":[-0.4377,0.4034,0.8036,0,-0.429,0.6917,-0.5809,0,-0.7902,-0.599,-0.1297,0,0,1.418,0,1],"parentBoneIndex":11,"length":1.7347
,"animation":{"dataType":3,"framePerSecond":24,"keys":[
{"frame":0,"values":[-0.4377,0.4034,0.8036,0,-0.429,0.6917,-0.5809,0,-0.7902,-0.599,-0.1297,0,0,1.418,0,1]},
{"frame":20,"values":[-0.4377,0.4034,0.8036,0,-0.429,0.6917,-0.5809,0,-0.7902,-0.599,-0.1297,0,0,1.418,0,1]},
{"frame":30,"values":[-0.4377,0.4034,0.8036,0,-0.429,0.6917,-0.5809,0,-0.7902,-0.599,-0.1297,0,0,1.418,0,1]},
{"frame":50,"values":[-0.4377,0.4034,0.8036,0,-0.429,0.6917,-0.5809,0,-0.7902,-0.599,-0.1297,0,0,1.418,0,1]},
{"frame":61,"values":[-0.4377,0.4034,0.8036,0,-0.429,0.6917,-0.5809,0,-0.7902,-0.599,-0.1297,0,0,1.418,0,1]},
{"frame":81,"values":[-0.4377,0.4034,0.8036,0,-0.429,0.6917,-0.5809,0,-0.7902,-0.599,-0.1297,0,0,1.418,0,1]}],"loopBehavior":1,"name":"anim","property":"_matrix"}},
{"name":"Bone_L","index":13,"matrix":[0.8415,0,-0.5403,0,-0.5403,0,-0.8415,0,0,1,0,0,0,1,0,1],"rest":[0.8415,0,-0.5403,0,-0.5403,0,-0.8415,0,0,1,0,0,0,1,0,1],"parentBoneIndex":2,"length":1.0444
,"animation":{"dataType":3,"framePerSecond":24,"keys":[
{"frame":0,"values":[0.8415,0,-0.5403,0,-0.5403,0,-0.8415,0,0,1,0,0,0,1,0,1]},
{"frame":20,"values":[0.8415,0,-0.5403,0,-0.5403,0,-0.8415,0,0,1,0,0,0,1,0,1]},
{"frame":30,"values":[0.8415,0,-0.5403,0,-0.5403,0,-0.8415,0,0,1,0,0,0,1,0,1]},
{"frame":50,"values":[0.8415,0,-0.5403,0,-0.5403,0,-0.8415,0,0,1,0,0,0,1,0,1]},
{"frame":61,"values":[0.8415,0,-0.5403,0,-0.5403,0,-0.8415,0,0,1,0,0,0,1,0,1]},
{"frame":81,"values":[0.8415,0,-0.5403,0,-0.5403,0,-0.8415,0,0,1,0,0,0,1,0,1]}],"loopBehavior":1,"name":"anim","property":"_matrix"}},
{"name":"Bone_L.001","index":14,"matrix":[0.9374,-0.2841,0.2012,0,-0.1095,0.308,0.9451,0,-0.3305,-0.908,0.2576,0,0,1.0444,0,1],"rest":[0.9316,-0.3542,0.082,0,0.3034,0.8815,0.3618,0,-0.2004,-0.3122,0.9286,0,0,1.0444,0,1],"parentBoneIndex":13,"length":2.0813
,"animation":{"dataType":3,"framePerSecond":24,"keys":[
{"frame":0,"values":[0.9316,-0.3542,0.082,0,0.3034,0.8815,0.3618,0,-0.2004,-0.3122,0.9286,0,0,1.0444,0,1]},
{"frame":1,"values":[0.9334,-0.3488,0.0839,0,0.2915,0.8738,0.3891,0,-0.209,-0.3388,0.9174,0,0,1.0444,0,1]},
{"frame":2,"values":[0.9383,-0.3341,0.0894,0,0.2586,0.8494,0.46,0,-0.2296,-0.4084,0.8834,0,0,1.0444,0,1]},
{"frame":3,"values":[0.9443,-0.314,0.098,0,0.211,0.8068,0.5518,0,-0.2524,-0.5004,0.8282,0,0,1.0444,0,1]},
{"frame":4,"values":[0.9503,-0.2919,0.1082,0,0.156,0.7472,0.6461,0,-0.2694,-0.5971,0.7556,0,0,1.0444,0,1]},
{"frame":5,"values":[0.9556,-0.27,0.1179,0,0.1008,0.6755,0.7305,0,-0.2769,-0.6862,0.6727,0,0,1.0444,0,1]},
{"frame":6,"values":[0.9602,-0.2498,0.1254,0,0.0518,0.6,0.7983,0,-0.2746,-0.76,0.589,0,0,1.0444,0,1]},
{"frame":7,"values":[0.964,-0.2317,0.1301,0,0.0132,0.5308,0.8474,0,-0.2654,-0.8152,0.5148,0,0,1.0444,0,1]},
{"frame":8,"values":[0.9671,-0.2174,0.1319,0,-0.0127,0.4768,0.8789,0,-0.254,-0.8517,0.4583,0,0,1.0444,0,1]},
{"frame":9,"values":[0.9692,-0.2082,0.1317,0,-0.0262,0.4445,0.8954,0,-0.245,-0.8712,0.4253,0,0,1.0444,0,1]},
{"frame":10,"values":[0.97,-0.2051,0.1308,0,-0.0289,0.4368,0.8991,0,-0.2415,-0.8759,0.4178,0,0,1.0444,0,1]},
{"frame":11,"values":[0.9694,-0.2084,0.1294,0,-0.0207,0.4562,0.8897,0,-0.2445,-0.8651,0.4379,0,0,1.0444,0,1]},
{"frame":12,"values":[0.9675,-0.2186,0.1272,0,0,0.5031,0.8642,0,-0.2529,-0.8361,0.4867,0,0,1.0444,0,1]},
{"frame":13,"values":[0.9643,-0.2345,0.123,0,0.0345,0.5717,0.8197,0,-0.2626,-0.7862,0.5594,0,0,1.0444,0,1]},
{"frame":14,"values":[0.9599,-0.255,0.1162,0,0.0825,0.6534,0.7525,0,-0.2678,-0.7128,0.6483,0,0,1.0444,0,1]},
{"frame":15,"values":[0.9545,-0.2784,0.1069,0,0.1413,0.7377,0.6602,0,-0.2627,-0.6151,0.7434,0,0,1.0444,0,1]},
{"frame":16,"values":[0.9476,-0.3048,0.0958,0,0.2067,0.8134,0.5438,0,-0.2437,-0.4955,0.8337,0,0,1.0444,0,1]},
{"frame":17,"values":[0.939,-0.3332,0.0849,0,0.2726,0.8718,0.4069,0,-0.2097,-0.359,0.9095,0,0,1.0444,0,1]},
{"frame":18,"values":[0.9288,-0.3627,0.0759,0,0.3335,0.9075,0.2554,0,-0.1615,-0.2119,0.9639,0,0,1.0444,0,1]},
{"frame":19,"values":[0.9178,-0.3906,0.0713,0,0.3838,0.9187,0.0932,0,-0.102,-0.0582,0.9931,0,0,1.0444,0,1]},
{"frame":20,"values":[0.9076,-0.4138,0.0709,0,0.4177,0.907,-0.0535,0,-0.0422,0.0781,0.9961,0,0,1.0444,0,1]},
{"frame":30,"values":[0.9316,-0.3542,0.082,0,0.3034,0.8815,0.3618,0,-0.2004,-0.3122,0.9286,0,0,1.0444,0,1]},
{"frame":31,"values":[0.9324,-0.3518,0.0828,0,0.2981,0.8781,0.3744,0,-0.2044,-0.3244,0.9236,0,0,1.0444,0,1]},
{"frame":32,"values":[0.9347,-0.345,0.0854,0,0.2827,0.8673,0.4096,0,-0.2154,-0.3587,0.9082,0,0,1.0444,0,1]},
{"frame":33,"values":[0.938,-0.335,0.0895,0,0.2592,0.8489,0.4606,0,-0.2303,-0.4088,0.8831,0,0,1.0444,0,1]},
{"frame":34,"values":[0.9416,-0.3232,0.0949,0,0.2304,0.8233,0.5187,0,-0.2458,-0.4665,0.8497,0,0,1.0444,0,1]},
{"frame":35,"values":[0.9449,-0.3113,0.1008,0,0.1997,0.7927,0.576,0,-0.2592,-0.5242,0.8112,0,0,1.0444,0,1]},
{"frame":36,"values":[0.9478,-0.3004,0.1067,0,0.1704,0.7602,0.6269,0,-0.2694,-0.576,0.7718,0,0,1.0444,0,1]},
{"frame":37,"values":[0.95,-0.2915,0.1118,0,0.1455,0.7301,0.6676,0,-0.2763,-0.618,0.7361,0,0,1.0444,0,1]},
{"frame":38,"values":[0.9515,-0.285,0.1157,0,0.1268,0.706,0.6968,0,-0.2803,-0.6483,0.7079,0,0,1.0444,0,1]},
{"frame":39,"values":[0.9523,-0.2812,0.1182,0,0.1152,0.6903,0.7143,0,-0.2825,-0.6667,0.6898,0,0,1.0444,0,1]},
{"frame":40,"values":[0.9526,-0.28,0.1192,0,0.1109,0.6842,0.7209,0,-0.2834,-0.6734,0.6828,0,0,1.0444,0,1]},
{"frame":41,"values":[0.9522,-0.2815,0.1187,0,0.1143,0.6885,0.7162,0,-0.2833,-0.6684,0.6877,0,0,1.0444,0,1]},
{"frame":42,"values":[0.9511,-0.2861,0.1164,0,0.1261,0.7037,0.6992,0,-0.282,-0.6503,0.7054,0,0,1.0444,0,1]},
{"frame":43,"values":[0.9492,-0.2938,0.1125,0,0.1464,0.729,0.6687,0,-0.2784,-0.6183,0.7349,0,0,1.0444,0,1]},
{"frame":44,"values":[0.9465,-0.3045,0.1068,0,0.1745,0.7615,0.6243,0,-0.2714,-0.5722,0.7739,0,0,1.0444,0,1]},
{"frame":45,"values":[0.9429,-0.3177,0.1001,0,0.2085,0.7973,0.5664,0,-0.2598,-0.5132,0.818,0,0,1.0444,0,1]},
{"frame":46,"values":[0.9384,-0.3327,0.0929,0,0.2456,0.8318,0.4978,0,-0.2429,-0.4444,0.8623,0,0,1.0444,0,1]},
{"frame":47,"values":[0.9335,-0.3481,0.0864,0,0.2817,0.8608,0.4239,0,-0.2219,-0.3714,0.9016,0,0,1.0444,0,1]},
{"frame":48,"values":[0.9287,-0.3619,0.0814,0,0.3126,0.8817,0.3534,0,-0.1997,-0.3027,0.9319,0,0,1.0444,0,1]},
{"frame":49,"values":[0.9249,-0.3722,0.0783,0,0.3342,0.8936,0.2995,0,-0.1814,-0.2508,0.9509,0,0,1.0444,0,1]},
{"frame":50,"values":[0.9234,-0.3761,0.0772,0,0.3422,0.8973,0.2787,0,-0.1741,-0.2309,0.9573,0,0,1.0444,0,1]},
{"frame":61,"values":[0.9374,-0.2841,0.2012,0,-0.1095,0.308,0.9451,0,-0.3305,-0.908,0.2576,0,0,1.0444,0,1]},
{"frame":62,"values":[0.9389,-0.2823,0.1969,0,-0.0987,0.3272,0.9398,0,-0.3298,-0.9018,0.2793,0,0,1.0444,0,1]},
{"frame":63,"values":[0.9429,-0.2785,0.183,0,-0.0632,0.3897,0.9188,0,-0.3272,-0.8778,0.3498,0,0,1.0444,0,1]},
{"frame":64,"values":[0.9478,-0.2766,0.1586,0,0.0011,0.5003,0.8659,0,-0.3188,-0.8205,0.4745,0,0,1.0444,0,1]},
{"frame":65,"values":[0.951,-0.2814,0.1282,0,0.0887,0.6452,0.7588,0,-0.2963,-0.7103,0.6385,0,0,1.0444,0,1]},
{"frame":66,"values":[0.9505,-0.2943,0.1,0,0.1814,0.7865,0.5903,0,-0.2523,-0.5429,0.801,0,0,1.0444,0,1]},
{"frame":67,"values":[0.9466,-0.3122,0.08,0,0.2601,0.8866,0.3825,0,-0.1903,-0.3412,0.9205,0,0,1.0444,0,1]},
{"frame":68,"values":[0.941,-0.3315,0.0687,0,0.3157,0.9325,0.1752,0,-0.1221,-0.1431,0.9821,0,0,1.0444,0,1]},
{"frame":69,"values":[0.9356,-0.3473,0.0641,0,0.3473,0.9377,0.0121,0,-0.0643,0.011,0.9979,0,0,1.0444,0,1]},
{"frame":70,"values":[0.9331,-0.3539,0.0631,0,0.3573,0.9324,-0.0539,0,-0.0398,0.0728,0.9966,0,0,1.0444,0,1]},
{"frame":71,"values":[0.9351,-0.3485,0.0639,0,0.3492,0.937,0.0002,0,-0.0599,0.0221,0.998,0,0,1.0444,0,1]},
{"frame":72,"values":[0.9398,-0.3351,0.0673,0,0.3239,0.936,0.1379,0,-0.1092,-0.1078,0.9882,0,0,1.0444,0,1]},
{"frame":73,"values":[0.9451,-0.3179,0.0759,0,0.2791,0.9057,0.3192,0,-0.1702,-0.2805,0.9447,0,0,1.0444,0,1]},
{"frame":74,"values":[0.9493,-0.301,0.091,0,0.2149,0.8322,0.5112,0,-0.2296,-0.4657,0.8546,0,0,1.0444,0,1]},
{"frame":75,"values":[0.9512,-0.287,0.1136,0,0.135,0.7178,0.683,0,-0.2775,-0.6344,0.7215,0,0,1.0444,0,1]},
{"frame":76,"values":[0.95,-0.2786,0.1409,0,0.051,0.5837,0.8103,0,-0.308,-0.7627,0.5688,0,0,1.0444,0,1]},
{"frame":77,"values":[0.9463,-0.2768,0.1672,0,-0.0218,0.4613,0.887,0,-0.3226,-0.843,0.4305,0,0,1.0444,0,1]},
{"frame":78,"values":[0.9418,-0.2794,0.1867,0,-0.0728,0.3728,0.925,0,-0.3281,-0.8848,0.3308,0,0,1.0444,0,1]},
{"frame":79,"values":[0.9386,-0.2827,0.1978,0,-0.1009,0.3233,0.9409,0,-0.3299,-0.9031,0.275,0,0,1.0444,0,1]},
